8.311903692939300470e+01 1.888400002629969876e+01
8.318225164396665150e+01 1.887994988100520288e+01
8.324546635854031251e+01 1.887573931291615636e+01
8.330868107311395931e+01 1.887136924330607712e+01
8.337189578768762033e+01 1.886684062620271263e+01
8.343511050226128134e+01 1.886215444800927088e+01
8.349832521683494235e+01 1.885731172711472325e+01
8.356153993140860337e+01 1.885231351349317208e+01
8.362475464598225017e+01 1.884716088829279457e+01
8.368796936055591118e+01 1.884185496341466148e+01
8.375118407512955798e+01 1.883639688108178589e+01
8.381439878970321899e+01 1.883078781339866481e+01
8.387761350427688001e+01 1.882502896190180763e+01
8.394082821885054102e+01 1.881912155710138990e+01
8.400404293342420203e+01 1.881306685801467538e+01
8.406725764799784884e+01 1.880686615169128828e+01
8.413047236257150985e+01 1.880052075273085421e+01
8.419368707714517086e+01 1.879403200279334385e+01
8.425690179171881766e+01 1.878740127010252081e+01
8.432011650629249289e+01 1.878062994894274951e+01
8.438333122086615390e+01 1.877371945914965679e+01
8.444654593543980070e+01 1.876667124559495647e+01
8.450976065001344750e+01 1.875948677766582406e+01
8.457297536458710852e+01 1.875216754873916258e+01
8.463619007916076953e+01 1.874471507565118600e+01
8.469940479373443054e+01 1.873713089816259370e+01
8.476261950830809155e+01 1.872941657841985474e+01
8.482583422288175257e+01 1.872157370041272628e+01
8.488904893745539937e+01 1.871360386942862064e+01
8.495226365202904617e+01 1.870550871150404149e+01
8.501547836660270718e+01 1.869728987287337318e+01
8.507869308117636820e+01 1.868894901941553499e+01
8.514190779575004342e+01 1.868048783609875230e+01
8.520512251032369022e+01 1.867190802642371139e+01
8.526833722489735123e+01 1.866321131186553828e+01
8.533155193947099804e+01 1.865439943131488576e+01
8.539476665404464484e+01 1.864547414051831709e+01
8.545798136861832006e+01 1.863643721151846222e+01
8.552119608319196686e+01 1.862729043209404267e+01
8.558441079776564209e+01 1.861803560520019118e+01
8.564762551233928889e+01 1.860867454840908763e+01
8.571084022691294990e+01 1.859920909335125927e+01
8.577405494148659670e+01 1.858964108515766966e+01
8.583726965606024351e+01 1.857997238190261768e+01
8.590048437063391873e+01 1.857020485404756371e+01
8.596369908520759395e+01 1.856034038388573748e+01
8.602691379978124075e+01 1.855038086498725391e+01
8.609012851435488756e+01 1.854032820164443862e+01
8.615334322892854857e+01 1.853018430831641794e+01
8.621655794350219537e+01 1.851995110907189712e+01
8.627977265807587059e+01 1.850963053702812289e+01
8.634298737264951740e+01 1.849922453378309228e+01
8.640620208722319262e+01 1.848873504883593455e+01
8.646941680179683942e+01 1.847816403898800175e+01
8.653263151637050044e+01 1.846751346771154800e+01
8.659584623094414724e+01 1.845678530446437549e+01
8.665906094551779404e+01 1.844598152391213475e+01
8.672227566009146926e+01 1.843510410498830865e+01
8.678549037466511606e+01 1.842415502965754825e+01
8.684870508923879129e+01 1.841313628110770040e+01
8.691191980381243809e+01 1.840204984076812167e+01
8.697513451838609910e+01 1.839089768270564917e+01
8.703834923295974590e+01 1.837968176148367405e+01
8.710156394753339271e+01 1.836840398111216288e+01
8.716477866210706793e+01 1.835706609615486329e+01
8.722799337668074315e+01 1.834566926775114126e+01
8.729120809125438996e+01 1.833420997998898017e+01
8.735442280582803676e+01 1.832245549684043340e+01
8.741763752040169777e+01 1.831018289435796831e+01
8.748085223497534457e+01 1.829784371235687601e+01
8.754406694954901980e+01 1.828545702086341507e+01
8.760728166412266660e+01 1.827302640478751172e+01
8.767049637869634182e+01 1.826055432673688372e+01
8.773371109326998862e+01 1.824804300826071213e+01
8.779692580784363543e+01 1.823549459153337793e+01
8.786014052241729644e+01 1.822291118447124347e+01
8.792335523699094324e+01 1.821029487661819601e+01
8.798656995156461846e+01 1.819764774559673981e+01
8.804978466613826527e+01 1.818497185995554943e+01
8.811299938071194049e+01 1.817226928046298084e+01
8.817621409528558729e+01 1.815954206066639998e+01
8.823942880985923409e+01 1.814679224707998273e+01
8.830264352443289511e+01 1.813402187917375130e+01
8.836585823900654191e+01 1.812123298925264692e+01
8.842907295358021713e+01 1.810842760227287584e+01
8.849228766815387814e+01 1.809560773562252933e+01
8.855550238272753916e+01 1.808277539888202412e+01
8.861871709730118596e+01 1.806993259357388837e+01
8.868193181187484697e+01 1.805708131290787577e+01
8.874514652644849377e+01 1.804422354152501029e+01
8.880836124102216900e+01 1.803136125524323319e+01
8.887157595559581580e+01 1.801849642080610892e+01
8.893479067016949102e+01 1.800563099563569835e+01
8.899800538474313782e+01 1.799276692759041651e+01
8.906122009931678463e+01 1.797990615472831522e+01
8.912443481389044564e+01 1.796705060507609630e+01
8.918764952846409244e+01 1.795420219640413251e+01
8.925086424303776766e+01 1.794136283600757764e+01
8.931407895761141447e+01 1.792853442049371893e+01
8.937729367218508969e+01 1.791571883557548972e+01
8.944050838675873649e+01 1.790291795587125279e+01
8.950372310133238329e+01 1.789013364471075818e+01
8.956693781590604431e+01 1.787736775394736455e+01
8.963015253047969111e+01 1.786462212377624681e+01
8.969336724505336633e+01 1.785189858255876416e+01
8.975658195962702735e+01 1.783919894665273986e+01
8.981979667420068836e+01 1.782652502024872732e+01
8.988301138877433516e+01 1.781387859521198180e+01
8.994622610334798196e+01 1.780126145093028711e+01
9.000944081792164297e+01 1.778867535416729595e+01
9.007265553249530399e+01 1.777612205892152630e+01
9.013587024706896500e+01 1.776360330629071527e+01
9.019908496164262601e+01 1.775112082434159078e+01
9.026229967621628703e+01 1.773867632798480543e+01
9.032551439078993383e+01 1.772627151885505725e+01
9.038872910536358063e+01 1.771390808519628379e+01
9.045194381993724164e+01 1.770158770175170204e+01
9.051515853451090265e+01 1.768931202965873695e+01
9.057837324908456367e+01 1.767708271634865369e+01
9.064158796365822468e+01 1.766490139545080140e+01
9.070480267823188569e+01 1.765276968670140789e+01
9.076801739280553250e+01 1.764068919585668382e+01
9.083123210737917930e+01 1.762866151461035358e+01
9.089444682195284031e+01 1.761668822051527528e+01
9.095766153652651553e+01 1.760477087690923526e+01
9.102087625110017655e+01 1.759291103284462565e+01
9.108409096567383756e+01 1.758111022302213655e+01
9.114730568024748436e+01 1.756936996772811810e+01
9.121052039482113116e+01 1.755769177277566584e+01
9.127373510939479218e+01 1.754607712944929787e+01
9.133694982396845319e+01 1.753452751445308166e+01
9.140016453854211420e+01 1.752304438986215374e+01
9.146337925311577521e+01 1.751162920307750070e+01
9.152659396768943623e+01 1.750028338678393069e+01
9.158980868226308303e+01 1.748900835891117822e+01
9.165302339683672983e+01 1.747780552259790099e+01
9.171623811141039084e+01 1.746667626615864322e+01
9.177945282598405186e+01 1.745562196305358071e+01
9.184266754055771287e+01 1.744464397186100868e+01
9.190588225513137388e+01 1.743374363625239454e+01
9.196909696970503489e+01 1.742292228497000295e+01
9.203231168427868170e+01 1.741218123180693311e+01
9.209552639885232850e+01 1.740152177558957547e+01
9.215874111342598951e+01 1.739094520016228529e+01
9.222195582799965052e+01 1.738045277437423763e+01
9.228517054257332575e+01 1.737004575206844947e+01
9.234838525714697255e+01 1.735972537207274868e+01
9.241159997172063356e+01 1.734949285819278586e+01
9.247481468629428036e+01 1.733934941920683315e+01
9.253802940086792717e+01 1.732929624886241271e+01
9.260124411544160239e+01 1.731933452587463051e+01
9.266445883001524919e+01 1.730946541392615501e+01
9.272767354458892441e+01 1.729969006166880163e+01
9.279088825916257122e+01 1.729000960272654197e+01
9.285410297373623223e+01 1.728042515570002990e+01
9.291731768830987903e+01 1.727093782417244583e+01
9.298053240288352583e+01 1.726154869671664116e+01
9.304374711745720106e+01 1.725225884690352629e+01
9.310696183203086207e+01 1.724306933331160607e+01
9.317017654660452308e+01 1.723398119953766994e+01
9.323339126117818410e+01 1.722499547420849453e+01
9.329660597575183090e+01 1.721611317099350913e+01
9.335982069032547770e+01 1.720733528861845585e+01
9.342303540489913871e+01 1.719866281087987403e+01
9.348625011947279972e+01 1.719009670666043021e+01
9.354946483404647495e+01 1.718163792994498706e+01
9.361267954862012175e+01 1.717328741983740770e+01
9.367589426319378276e+01 1.716504610057801727e+01
9.373910897776742956e+01 1.715691488156167921e+01
9.380232369234107637e+01 1.714889465735643270e+01
9.386553840691475159e+01 1.714098630772263476e+01
9.392875312148839839e+01 1.713319069763256763e+01
9.399196783606207362e+01 1.712550867729055426e+01
9.405518255063572042e+01 1.711794108215333665e+01
9.411839726520938143e+01 1.711048873295088057e+01
9.418161197978302823e+01 1.710315243570745736e+01
9.424482669435667503e+01 1.709593298176296372e+01
9.430804140893035026e+01 1.708883114779452228e+01
9.437125612350399706e+01 1.708184769583820284e+01
9.443447083807767228e+01 1.707498337331095328e+01
9.449768555265131909e+01 1.706823891303259089e+01
9.456090026722498010e+01 1.706161503324788598e+01
9.462411498179862690e+01 1.705511243764876284e+01
9.468732969637227370e+01 1.704873181539641891e+01
9.475054441094594893e+01 1.704247384114347241e+01
9.481375912551962415e+01 1.703633917505609219e+01
9.487697384009327095e+01 1.703032846283597479e+01
9.494018855466691775e+01 1.702444233574235000e+01
9.500340326924057877e+01 1.701868141061369855e+01
9.506661798381422557e+01 1.701304628988946277e+01
9.512983269838790079e+01 1.700753756163148722e+01
9.519304741296154759e+01 1.700215579954528167e+01
9.525626212753522282e+01 1.699690156300104604e+01
9.531947684210886962e+01 1.699177539705449291e+01
9.538269155668253063e+01 1.698677783246733242e+01
9.544590627125617743e+01 1.698190938572750497e+01
9.550912098582982424e+01 1.697717055906911554e+01
9.557233570040349946e+01 1.697256184049197714e+01
9.563555041497714626e+01 1.696808370378088426e+01
9.569876512955082148e+01 1.696373660852445653e+01
9.576197984412446829e+01 1.695952100013361630e+01
9.582519455869812930e+01 1.695543730985968622e+01
9.588840927327177610e+01 1.695148595481202847e+01
9.595162398784542290e+01 1.694766733797528602e+01
9.601483870241909813e+01 1.694398184822619768e+01
9.607805341699277335e+01 1.694042986034988019e+01
9.614126813156642015e+01 1.693701173505569457e+01
9.620448284614006695e+01 1.693372781899264368e+01
9.626769756071372797e+01 1.693057844476418694e+01
9.633091227528737477e+01 1.692756393094265732e+01
9.639412698986104999e+01 1.692468458208307780e+01
9.645734170443469679e+01 1.692194068873645207e+01
9.652055641900837202e+01 1.691933252746259697e+01
9.658377113358201882e+01 1.691686036084230693e+01
9.664698584815566562e+01 1.691452443748904955e+01
9.671020056272932663e+01 1.691232499206006423e+01
9.677341527730297344e+01 1.691026224526690669e+01
9.683662999187664866e+01 1.690833640388535386e+01
9.689984470645029546e+01 1.690654766076483284e+01
9.696305942102397069e+01 1.690489619483712147e+01
9.702627413559761749e+01 1.690338217112457286e+01
9.708948885017126429e+01 1.690200574074764006e+01
9.715270356474492530e+01 1.690076704093186066e+01
9.721591827931857210e+01 1.689966619501418776e+01
9.727913299389224733e+01 1.689870331244873114e+01
9.734234770846590834e+01 1.689787848881184473e+01
9.740556242303956935e+01 1.689719180580661728e+01
9.746877713761321615e+01 1.689664333126674478e+01
9.753199185218687717e+01 1.689623311915969950e+01
9.759520656676052397e+01 1.689596120958940517e+01
9.765842128133419919e+01 1.689582762879812705e+01
9.772163599590784600e+01 1.689583238916785390e+01
9.778485071048152122e+01 1.689597548922094461e+01
9.784806542505516802e+01 1.689625691362023119e+01
9.791128013962881482e+01 1.689667663316842905e+01
9.797449485420247584e+01 1.689723460480687578e+01
9.803770956877612264e+01 1.689793077161379031e+01
9.810092428334979786e+01 1.689876506280171853e+01
9.816413899792344466e+01 1.689973739371443529e+01
9.822735371249711989e+01 1.690084766582324605e+01
9.829056842707076669e+01 1.690209576672261704e+01
9.835378314164441349e+01 1.690348157012518371e+01
9.841699785621807450e+01 1.690500493585612674e+01
9.848021257079172130e+01 1.690666570984701167e+01
9.854342728536539653e+01 1.690846372412893217e+01
9.860664199993905754e+01 1.691039879682503866e+01
9.866985671451271855e+01 1.691247073214256602e+01
9.873307142908636536e+01 1.691467932036417210e+01
9.879628614366001216e+01 1.691702433783870774e+01
9.885950085823367317e+01 1.691950554697141129e+01
9.892271557280733418e+01 1.692212269621353826e+01
9.898593028738099520e+01 1.692487552005139051e+01
9.904914500195465621e+01 1.692776373899483744e+01
9.911235971652831722e+01 1.693078705956516927e+01
9.917557443110196402e+01 1.693394517428257018e+01
9.923878914567561083e+01 1.693723776165292350e+01
9.930200386024927184e+01 1.694066448615413378e+01
9.936521857482293285e+01 1.694422499822195505e+01
9.942843328939659386e+01 1.694791893423528606e+01
9.949164800397025488e+01 1.695174591650100027e+01
9.955486271854391589e+01 1.695570555323827477e+01
9.961807743311756269e+01 1.695979743856240063e+01
9.968129214769122370e+01 1.696402115246830888e+01
9.974450686226487051e+01 1.696837626081342876e+01
9.980772157683854573e+01 1.697286231530030420e+01
9.987093629141220674e+01 1.697747885345869889e+01
9.993415100598586776e+01 1.698222539862733527e+01
9.999736572055951456e+01 1.698710145993527831e+01
1.000605804351331614e+02 1.699210653228292500e+01
1.001237951497068224e+02 1.699724009632265265e+01
1.001870098642804834e+02 1.700250161843916175e+01
1.002502245788541444e+02 1.700789055072952038e+01
1.003134392934278054e+02 1.701340633098290667e+01
1.003766540080014664e+02 1.701904838266007758e+01
1.004398687225751132e+02 1.702481611487261048e+01
1.005030834371487600e+02 1.703070892236195988e+01
1.005662981517224210e+02 1.703672618547824769e+01
1.006295128662960821e+02 1.704286727015895408e+01
1.006927275808697431e+02 1.704913152790739517e+01
1.007559422954434041e+02 1.705551829577115797e+01
1.008191570100170651e+02 1.706202689632039338e+01
1.008823717245907119e+02 1.706865663762604157e+01
1.009455864391643587e+02 1.707540681323803256e+01
1.010088011537380197e+02 1.708227670216351157e+01
1.010720158683116807e+02 1.708926556884505032e+01
1.011352305828853559e+02 1.709637266313893278e+01
1.011984452974590027e+02 1.710359722029354401e+01
1.012616600120326638e+02 1.711093846092785853e+01
1.013248747266063106e+02 1.711839559101012398e+01
1.013880894411799574e+02 1.712596780183669765e+01
1.014513041557536326e+02 1.713365427001116714e+01
1.015145188703272794e+02 1.714145415742370560e+01
1.015777335849009546e+02 1.714936661123076789e+01
1.016409482994746014e+02 1.715739076383510664e+01
1.017041630140482624e+02 1.716552573286623229e+01
1.017673777286219092e+02 1.717377062116128528e+01
1.018305924431955702e+02 1.718212451674639851e+01
1.018938071577692313e+02 1.719058649281856077e+01
1.019570218723428923e+02 1.719915560772810892e+01
1.020202365869165533e+02 1.720783090496182766e+01
1.020834513014902143e+02 1.721661141312669940e+01
1.021466660160638611e+02 1.722549614593440381e+01
1.022098807306375079e+02 1.723448410218662730e+01
1.022730954452111689e+02 1.724357426576113284e+01
1.023363101597848299e+02 1.725276560559877126e+01
1.023995248743585051e+02 1.726205707569144110e+01
1.024627395889321519e+02 1.727144761507101123e+01
1.025259543035058130e+02 1.728093614779934128e+01
1.025891690180794598e+02 1.729052158295942476e+01
1.026523837326531066e+02 1.730020281464767962e+01
1.027155984472267818e+02 1.730997872196752141e+01
1.027788131618004286e+02 1.731984816902425095e+01
1.028420278763741038e+02 1.732981000492130619e+01
1.029052425909477506e+02 1.733986306375797426e+01
1.029684573055214116e+02 1.735000616462860989e+01
1.030316720200950584e+02 1.736023811162341701e+01
1.030948867346687052e+02 1.737055769383097825e+01
1.031581014492423805e+02 1.738096368534241520e+01
1.032213161638160273e+02 1.739145484525743157e+01
1.032845308783897025e+02 1.740202991769216823e+01
1.033477455929633493e+02 1.741268763178911883e+01
1.034109603075370103e+02 1.742342670172898167e+01
1.034741750221106571e+02 1.743424582674473911e+01
1.035373897366843039e+02 1.744514369113785435e+01
1.036006044512579791e+02 1.745611896429680598e+01
1.036638191658316543e+02 1.746717030071799215e+01
1.037270338804053011e+02 1.747829634002908605e+01
1.037902485949789479e+02 1.748949570701492462e+01
1.038534633095526090e+02 1.750076701164608295e+01
1.039166780241262558e+02 1.751210884911012755e+01
1.039798927386999310e+02 1.752351979984572239e+01
1.040431074532735778e+02 1.753499842957958066e+01
1.041063221678472530e+02 1.754654328936655006e+01
1.041695368824208998e+02 1.755815291563267522e+01
1.042327515969945608e+02 1.756982583022151445e+01
1.042959663115682076e+02 1.758156054044373207e+01
1.043591810261418829e+02 1.759335553913008710e+01
1.044223957407155297e+02 1.760520930468795697e+01
1.044856104552891765e+02 1.761712030116136063e+01
1.045488251698628517e+02 1.762908697829479010e+01
1.046120398844364985e+02 1.764110777160071919e+01
1.046752545990101595e+02 1.765318110243111249e+01
1.047384693135838063e+02 1.766530537805284951e+01
1.048016840281574815e+02 1.767747899172735160e+01
1.048648987427311283e+02 1.768970032279431237e+01
1.049281134573047751e+02 1.770196773675983692e+01
1.049913281718784503e+02 1.771427958538892611e+01
1.050545428864520972e+02 1.772663420680254731e+01
1.051177576010257582e+02 1.773902992557929537e+01
1.051809723155994050e+02 1.775146505286179988e+01
1.052441870301730802e+02 1.776393788646805660e+01
1.053074017447467270e+02 1.777644671100753726e+01
1.053706164593204022e+02 1.778898979800253954e+01
1.054338311738940490e+02 1.780156540601457849e+01
1.054970458884676958e+02 1.781417178077611396e+01
1.055602606030413568e+02 1.782680715532760019e+01
1.056234753176150178e+02 1.783946975016006320e+01
1.056866900321886789e+02 1.785215777336319931e+01
1.057499047467623257e+02 1.786486942077921114e+01
1.058131194613360009e+02 1.787760287616241328e+01
1.058763341759096477e+02 1.789035631134467508e+01
1.059395488904832945e+02 1.790312788640690655e+01
1.060027636050569555e+02 1.791591574985659108e+01
1.060659783196306165e+02 1.792871803881151038e+01
1.061291930342042775e+02 1.794153287918966200e+01
1.061924077487779243e+02 1.795435838590565325e+01
1.062556224633515995e+02 1.796719266307341911e+01
1.063188371779252464e+02 1.798003380421554098e+01
1.063820518924989074e+02 1.799287989247914865e+01
1.064452666070725542e+02 1.800572900085843386e+01
1.065084813216462294e+02 1.801857919242405970e+01
1.065716960362198762e+02 1.803142852055923129e+01
1.066349107507935514e+02 1.804427502920272985e+01
1.066981254653671982e+02 1.805711675309885322e+01
1.067613401799408450e+02 1.806995171805429479e+01
1.068245548945145060e+02 1.808277794120202842e+01
1.068877696090881670e+02 1.809559343127218511e+01
1.069509843236618281e+02 1.810839618886997116e+01
1.070141990382354749e+02 1.812118420676047137e+01
1.070774137528091501e+02 1.813395547016047971e+01
1.071406284673827969e+02 1.814670795703698403e+01
1.072038431819564437e+02 1.815943963841244724e+01
1.072670578965301047e+02 1.817214847867640870e+01
1.073302726111037657e+02 1.818483243590322473e+01
1.073934873256774267e+02 1.819748946217534424e+01
1.074567020402510735e+02 1.821011750391155104e+01
1.075199167548247488e+02 1.822271450219895428e+01
1.075831314693983956e+02 1.823527839312751908e+01
1.076463461839720424e+02 1.824780710812455098e+01
1.077095608985457034e+02 1.826029857428607883e+01
1.077727756131193644e+02 1.827275071469970058e+01
1.078359903276930254e+02 1.828516144875063176e+01
1.078992050422666864e+02 1.829752869239738189e+01
1.079624197568403474e+02 1.830985035839421826e+01
1.080256344714139942e+02 1.832212435642007975e+01
1.080888491859876410e+02 1.833434859304081854e+01
1.081520639005613162e+02 1.834652097136303084e+01
1.082152786151349630e+02 1.835863939009006174e+01
1.082784933297086241e+02 1.837070174134147749e+01
1.083417080442822851e+02 1.838270590569104002e+01
1.084049227588559461e+02 1.839464974021437982e+01
1.084681374734295929e+02 1.840653104609210544e+01
1.085313521880032539e+02 1.841834746164004244e+01
1.085945669025769149e+02 1.843009596482614398e+01
1.086577816171505759e+02 1.844176793090503352e+01
1.087209963317242227e+02 1.845308302871457329e+01
1.087842110462978980e+02 1.846388199151422072e+01
1.088474257608715448e+02 1.847458858290291772e+01
1.089106404754451916e+02 1.848521456661956108e+01
1.089738551900188526e+02 1.849575933368775793e+01
1.090370699045925136e+02 1.850622127397692296e+01
1.091002846191661746e+02 1.851659856305987617e+01
1.091634993337398356e+02 1.852688931245104698e+01
1.092267140483134966e+02 1.853709161293525298e+01
1.092899287628871434e+02 1.854720355057206760e+01
1.093531434774607902e+02 1.855722321377144013e+01
1.094163581920344654e+02 1.856714869692720171e+01
1.094795729066081122e+02 1.857697810255422510e+01
1.095427876211817733e+02 1.858670954271292075e+01
1.096060023357554343e+02 1.859634114006900774e+01
1.096692170503290953e+02 1.860587102875543408e+01
1.097324317649027421e+02 1.861529735512194250e+01
1.097956464794763889e+02 1.862461827841811157e+01
1.098588611940500641e+02 1.863383197143576453e+01
1.099220759086237109e+02 1.864293662112582339e+01
1.099852906231973719e+02 1.865193042919866073e+01
1.100485053377710329e+02 1.866081161271333855e+01
1.101117200523446940e+02 1.866957840465940421e+01
1.101749347669183408e+02 1.867822905453322946e+01
1.102381494814919876e+02 1.868676182891026727e+01
1.103013641960656628e+02 1.869517501201414689e+01
1.103645789106393096e+02 1.870346690628286623e+01
1.104277936252129848e+02 1.871163583293249744e+01
1.104910083397866316e+02 1.871968013251840546e+01
1.105542230543602926e+02 1.872759816549382350e+01
1.106174377689339394e+02 1.873538831276585981e+01
1.106806524835076146e+02 1.874304897624854149e+01
1.107438671980812614e+02 1.875057857941277462e+01
1.108070819126549225e+02 1.875797556783292919e+01
1.108702966272285835e+02 1.876523840972975421e+01
1.109335113418022445e+02 1.877236559650927461e+01
1.109967260563758913e+02 1.877935564329742135e+01
1.110599407709495381e+02 1.878620708946997553e+01
1.111231554855232133e+02 1.879291849917758128e+01
1.111863702000968601e+02 1.879948846186534084e+01
1.112495849146705211e+02 1.880591559278678915e+01
1.113127996292441821e+02 1.881219853351175431e+01
1.113760143438178432e+02 1.881833595242782309e+01
1.114392290583914900e+02 1.882432654523507409e+01
1.115024437729651368e+02 1.883016903543358822e+01
1.115656584875388120e+02 1.883586217480351621e+01
1.116288732021124588e+02 1.884140474387728403e+01
1.116920879166861340e+02 1.884679555240354532e+01
1.117553026312597808e+02 1.885203343980256108e+01
1.118185173458334418e+02 1.885711727561269768e+01
1.118817320604070886e+02 1.886204595992757760e+01
1.119449467749807638e+02 1.886681842382364138e+01
1.120081614895544107e+02 1.887143362977773009e+01
1.120713762041280575e+02 1.887589057207436838e+01
1.121345909187017327e+02 1.888018827720240722e+01
1.121978056332753795e+02 1.888432580424073137e+01
1.122610203478490405e+02 1.888830224523265500e+01
1.123242350624226873e+02 1.889211672554875676e+01
1.123874497769963625e+02 1.889576840423784532e+01
1.124506644915700093e+02 1.889925647436571765e+01
1.125138792061436561e+02 1.890258016334141189e+01
1.125770939207173313e+02 1.890573873323081955e+01
1.126403086352909781e+02 1.890873148105723089e+01
1.127035233498646392e+02 1.891155773908855409e+01
1.127667380644382860e+02 1.891421687511112637e+01
1.128299527790119612e+02 1.891670829268972653e+01
1.128931674935856080e+02 1.891903143141352928e+01
1.129563822081592832e+02 1.892118576712805833e+01
1.130195969227329300e+02 1.892317081215254859e+01
1.130828116373065910e+02 1.892498611548282739e+01
1.131460263518802378e+02 1.892663126297940224e+01
1.132092410664539130e+02 1.892810587754063079e+01
1.132724557810275599e+02 1.892940961926076682e+01
1.133356704956012067e+02 1.893054218557283264e+01
1.133988852101748819e+02 1.893150331137610110e+01
1.134620999247485287e+02 1.893229276914814818e+01
1.135253146393221897e+02 1.893291036904126656e+01
1.135885293538958365e+02 1.893335595896330048e+01
1.136517440684695117e+02 1.893362942464270304e+01
1.137149587830431585e+02 1.893373068967784079e+01
1.137781734976168337e+02 1.893365971557045313e+01
1.138413882121904805e+02 1.893341650174323476e+01
1.139046029267641273e+02 1.893300108554154448e+01
1.139678176413377884e+02 1.893241354221928674e+01
1.140310323559114352e+02 1.893165398490883788e+01
1.140942470704851104e+02 1.893072256457518421e+01
1.141574617850587572e+02 1.892961946995426459e+01
1.142206764996324324e+02 1.892834492747553909e+01
1.142838912142060792e+02 1.892689920116887592e+01
1.143471059287797260e+02 1.892528259255588807e+01
1.144103206433533870e+02 1.892349544052571630e+01
1.144735353579270480e+02 1.892153812119547140e+01
1.145367500725007091e+02 1.891941104775538918e+01
1.145999647870743559e+02 1.891711467029881888e+01
1.146631795016480311e+02 1.891464947563732224e+01
1.147263942162216779e+02 1.891201598710089371e+01
1.147896089307953247e+02 1.890921476432355064e+01
1.148528236453689857e+02 1.890624640301445680e+01
1.149160383599426467e+02 1.890311153471484573e+01
1.149792530745163077e+02 1.889981082654089306e+01
1.150424677890899829e+02 1.889634498091269421e+01
1.151056825036636297e+02 1.889271473526973111e+01
1.151688972182372765e+02 1.888892086177306595e+01
1.152321119328109376e+02 1.888496416699425495e+01
1.152953266473845844e+02 1.888084549159165704e+01
1.153585413619582596e+02 1.887656570997405581e+01
1.154217560765319064e+02 1.887212572995212412e+01
1.154849707911055816e+02 1.886752649237783075e+01
1.155481855056792284e+02 1.886276897077225101e+01
1.156114002202528752e+02 1.885785417094201577e+01
1.156746149348265362e+02 1.885278313058465471e+01
1.157378296494001972e+02 1.884755691888335249e+01
1.158010443639738583e+02 1.884217663609118887e+01
1.158642590785475051e+02 1.883664341310542767e+01
1.159274737931211803e+02 1.883095841103203227e+01
1.159906885076948271e+02 1.882512282074089782e+01
1.160539032222684739e+02 1.881913786241199915e+01
1.161171179368421349e+02 1.881300478507294471e+01
1.161803326514157959e+02 1.880672486612821714e+01
1.162435473659894569e+02 1.880029941088050549e+01
1.163067620805631179e+02 1.879372975204445240e+01
1.163699767951367789e+02 1.878701724925324257e+01
1.164331915097104257e+02 1.878016328855834161e+01
1.164964062242840726e+02 1.877316928192279732e+01
1.165596209388577336e+02 1.876603666670848369e+01
1.166228356534313946e+02 1.875876690515763201e+01
1.166860503680050556e+02 1.875136148386901525e+01
1.167492650825787166e+02 1.874382191326919411e+01
1.168124797971523776e+02 1.873614972707919435e+01
1.168756945117260244e+02 1.872834648177694561e+01
1.169389092262996712e+02 1.872041375605590474e+01
1.170021239408733464e+02 1.871235315028017610e+01
1.170653386554469932e+02 1.870416628593658004e+01
1.171285533700206543e+02 1.869585480508390063e+01
1.171917680845943295e+02 1.868742036979977783e+01
1.172549827991679763e+02 1.867886466162563153e+01
1.173181975137416231e+02 1.867018938100975944e+01
1.173814122283152841e+02 1.866139624674929109e+01
1.174446269428889451e+02 1.865248699543099775e+01
1.175078416574626061e+02 1.864346338087150556e+01
1.175710563720362671e+02 1.863432717355724222e+01
1.176342710866099281e+02 1.862508016008431255e+01
1.176974858011835749e+02 1.861572414259877917e+01
1.177607005157572218e+02 1.860626093823749372e+01
1.178239152303308828e+02 1.859669237857002955e+01
1.178871299449045438e+02 1.858702030904172986e+01
1.179503446594782048e+02 1.857724658841842569e+01
1.180135593740518658e+02 1.856737308823293731e+01
1.180767740886255268e+02 1.855740169223370728e+01
1.181399888031991736e+02 1.854733429583591686e+01
1.182032035177728204e+02 1.853717280557515679e+01
1.182664182323464956e+02 1.852691913856412853e+01
1.183296329469201424e+02 1.851657522195250394e+01
1.183928476614938035e+02 1.850614299239019900e+01
1.184560623760674645e+02 1.849562439549437443e+01
1.185192770906411255e+02 1.848502138532025540e+01
1.185824918052147723e+02 1.847433592383616130e+01
1.186457065197884191e+02 1.846356998040281638e+01
1.187089212343620943e+02 1.845272553125715831e+01
1.187721359489357411e+02 1.844180455900108484e+01
1.188353506635094163e+02 1.843080905209482623e+01
1.188985653780830631e+02 1.841974100435570350e+01
1.189617800926567242e+02 1.840860241446202039e+01
1.190249948072303710e+02 1.839739528546240521e+01
1.190882095218040178e+02 1.838612162429081209e+01
1.191514242363776930e+02 1.837478344128726704e+01
1.192146389509513398e+02 1.836338274972444040e+01
1.192778536655250150e+02 1.835192156534031582e+01
1.193410683800986760e+02 1.834040190587698049e+01
1.194042830946723228e+02 1.832882579062565043e+01
1.194674978092459696e+02 1.831719523997814392e+01
1.195307125238196448e+02 1.830551227498472855e+01
1.195939272383932916e+02 1.829377891691862956e+01
1.196571419529669527e+02 1.828199718684712494e+01
1.197203566675406137e+02 1.827016910520939419e+01
1.197835713821142747e+02 1.825829669140119549e+01
1.198467860966879215e+02 1.824638196336635332e+01
1.199100008112615683e+02 1.823442693719519880e+01
1.199732155258352435e+02 1.822243362673004441e+01
1.200364302404088903e+02 1.821040404317749406e+01
1.200996449549825655e+02 1.819834019472806119e+01
1.201628596695562123e+02 1.818624408618262223e+01
1.202260743841298734e+02 1.817411771858614955e+01
1.202892890987035202e+02 1.816196308886846822e+01
1.203525038132771670e+02 1.814978218949223177e+01
1.204157185278508422e+02 1.813757700810792883e+01
1.204789332424244890e+02 1.812534952721615866e+01
1.205421479569981642e+02 1.811310172383692318e+01
1.206053626715718110e+02 1.810083556918614889e+01
1.206685773861454720e+02 1.808855302835922529e+01
1.207317921007191188e+02 1.807625606002170215e+01
1.207950068152927940e+02 1.806394661610701391e+01
1.208582215298664408e+02 1.805162664152124918e+01
1.209214362444400876e+02 1.803929807385489426e+01
1.209846509590137629e+02 1.802696284310155050e+01
1.210478656735874097e+02 1.801462287138359741e+01
1.211110803881610707e+02 1.800228007268466968e+01
1.211742951027347175e+02 1.798993635258896617e+01
1.212375098173083927e+02 1.797759360802734463e+01
1.213007245318820395e+02 1.796525372703007761e+01
1.213639392464557147e+02 1.795291858848627697e+01
1.214271539610293615e+02 1.794059006190988370e+01
1.214903686756030226e+02 1.792827000721220543e+01
1.215535833901766694e+02 1.791596027448079909e+01
1.216167981047503162e+02 1.790366270376479818e+01
1.216800128193239914e+02 1.789137912486649640e+01
1.217432275338976382e+02 1.787911135713916266e+01
1.218064422484713134e+02 1.786686120929094201e+01
1.218696569630449602e+02 1.785463047919487067e+01
1.219328716776186212e+02 1.784242095370474956e+01
1.219960863921922680e+02 1.783023440847702545e+01
1.220593011067659432e+02 1.781807260779832802e+01
1.221225158213395900e+02 1.780593730441882983e+01
1.221857305359132368e+02 1.779383023939108455e+01
1.222489452504869121e+02 1.778175314191451051e+01
1.223121599650605589e+02 1.776970772918518904e+01
1.223753746796342199e+02 1.775769570625105942e+01
1.224385893942078667e+02 1.774571876587232211e+01
1.225018041087815419e+02 1.773377858838695786e+01
1.225650188233551887e+02 1.772187684158133081e+01
1.226282335379288639e+02 1.771001518056571911e+01
1.226914482525025107e+02 1.769819524765465957e+01
1.227546629670761575e+02 1.768641867225209197e+01
1.228178776816498186e+02 1.767468707074111833e+01
1.228810923962234654e+02 1.766300204637832749e+01
1.229443071107971406e+02 1.765136518919256758e+01
1.230075218253707874e+02 1.763977807588806357e+01
1.230707365399444626e+02 1.762824226975182640e+01
1.231339512545181094e+02 1.761675932056519756e+01
1.231971659690917562e+02 1.760533076451941525e+01
1.232603806836654172e+02 1.759395812413524496e+01
1.233235953982390782e+02 1.758264290818637576e+01
1.233868101128127392e+02 1.757138661162664661e+01
1.234500248273863861e+02 1.756019071552091759e+01
1.235132395419600613e+02 1.754905668697953658e+01
1.235764542565337081e+02 1.753798597909630175e+01
1.236396689711073691e+02 1.752698003088975653e+01
1.237028836856810159e+02 1.751604026724788099e+01
1.237660984002546911e+02 1.750516809887588110e+01
1.238293131148283379e+02 1.749436492224717554e+01
1.238925278294020131e+02 1.748363211955735252e+01
1.239557425439756599e+02 1.747297105868110378e+01
1.240189572585493067e+02 1.746238309313193326e+01
1.240821719731229678e+02 1.745186956202473283e+01
1.241453866876966288e+02 1.744143179004093369e+01
1.242086014022702898e+02 1.743107108739626909e+01
1.242718161168439366e+02 1.742078874981105940e+01
1.243350308314176118e+02 1.741058605848289176e+01
1.243982455459912586e+02 1.740046428006166579e+01
1.244614602605649054e+02 1.739042466662685982e+01
1.245246749751385664e+02 1.738046845566698195e+01
1.245878896897122274e+02 1.737059687006113506e+01
1.246511044042858884e+02 1.736081111806260679e+01
1.247143191188595353e+02 1.735111239328436383e+01
1.247775338334332105e+02 1.734150187468643622e+01
1.248407485480068573e+02 1.733198072656514555e+01
1.249039632625805041e+02 1.732255009854398864e+01
1.249671779771541651e+02 1.731321112556618758e+01
1.250303926917278261e+02 1.730396492788885254e+01
1.250936074063014871e+02 1.729481261107866530e+01
1.251568221208751481e+02 1.728575526600895529e+01
1.252200368354488091e+02 1.727679396885820395e+01
1.252832515500224559e+02 1.726792978110987775e+01
1.253464662645961027e+02 1.725916374955345489e+01
1.254096809791697780e+02 1.725049690628670618e+01
1.254728956937434248e+02 1.724193026871904166e+01
1.255361104083170858e+02 1.723346483957604747e+01
1.255993251228907468e+02 1.722510160690483971e+01
1.256625398374644078e+02 1.721684154408054468e+01
1.257257545520380546e+02 1.720868560981358897e+01
1.257889692666117156e+02 1.720063474815782811e+01
1.258521839811853766e+02 1.719268988851947100e+01
1.259153986957590377e+02 1.718485194566669705e+01
1.259786134103326845e+02 1.717712181973999819e+01
1.260418281249063597e+02 1.716950039626306790e+01
1.261050428394800065e+02 1.716198854615425162e+01
1.261682575540536533e+02 1.715458712573852296e+01
1.262314722686273143e+02 1.714729697675982933e+01
1.262946869832009753e+02 1.714011892639387824e+01
1.263579016977746363e+02 1.713305378726117567e+01
1.264211164123482973e+02 1.712610235744028486e+01
1.264843311269219583e+02 1.711926542048127686e+01
1.265475458414956051e+02 1.711254374541915624e+01
1.266107605560692519e+02 1.710593808678737204e+01
1.266739752706429272e+02 1.709944918463097707e+01
1.267371899852165740e+02 1.709307776451963790e+01
1.268004046997902350e+02 1.708682453756003028e+01
1.268636194143638960e+02 1.708069020040752051e+01
1.269268341289375570e+02 1.707467543527677734e+01
1.269900488435112038e+02 1.706878090995095576e+01
1.270532635580848506e+02 1.706300727778883441e+01
1.271164782726585258e+02 1.705735517772908949e+01
1.271796929872321726e+02 1.705182523429078856e+01
1.272429077018058337e+02 1.704641805756825335e+01
1.273061224163794947e+02 1.704113424321811365e+01
1.273693371309531557e+02 1.703597437243489665e+01
1.274325518455268025e+02 1.703093901190955961e+01
1.274957665601004493e+02 1.702602871376206650e+01
1.275589812746741245e+02 1.702124401543338195e+01
1.276221959892477713e+02 1.701658543951185010e+01
1.276854107038214465e+02 1.701205349344948559e+01
1.277486254183950933e+02 1.700764866908594897e+01
1.278118401329687543e+02 1.700337144181851912e+01
1.278750548475424011e+02 1.699922226908017819e+01
1.279382695621160764e+02 1.699520158736108755e+01
1.280014842766897232e+02 1.699130980586105011e+01
1.280646989912633842e+02 1.698754729133149866e+01
1.281279137058370452e+02 1.698391432562597814e+01
1.281911284204107062e+02 1.698041095441545068e+01
1.282543431349843388e+02 1.697703616450321107e+01
1.283175578495579998e+02 1.697377470859364834e+01
1.283807725641316608e+02 1.697027178515766366e+01
1.284439872787053218e+02 1.696670934486375160e+01
1.285072019932789829e+02 1.696327311535889493e+01
1.285704167078526439e+02 1.695996845434297384e+01
1.286336314224263049e+02 1.695679646728411427e+01
1.286968461369999375e+02 1.695375769859107251e+01
1.287600608515735985e+02 1.695085253865234520e+01
1.288232755661472595e+02 1.694808131456896305e+01
1.288864902807209205e+02 1.694544431841319110e+01
1.289497049952945815e+02 1.694294181803067900e+01
1.290129197098682425e+02 1.694057406179571856e+01
1.290761344244419035e+02 1.693834128093500624e+01
1.291393491390155646e+02 1.693624369075927305e+01
1.292025638535892256e+02 1.693428149136043714e+01
1.292657785681628866e+02 1.693245486802848987e+01
1.293289932827365192e+02 1.693076399151268419e+01
1.293922079973102086e+02 1.692920901819218216e+01
1.294554227118838412e+02 1.692779009019158210e+01
1.295186374264575022e+02 1.692650733546187780e+01
1.295818521410311632e+02 1.692536086783878702e+01
1.296450668556048242e+02 1.692435078708594531e+01
1.297082815701784853e+02 1.692347717892765502e+01
1.297714962847521178e+02 1.692274011507420539e+01
1.298347109993258073e+02 1.692213965324182112e+01
1.298979257138994399e+02 1.692167583716846480e+01
1.299611404284731009e+02 1.692134869662661956e+01
1.300243551430467619e+02 1.692115824743351382e+01
1.300875698576204229e+02 1.692110449145943818e+01
1.301507845721940839e+02 1.692118741663432502e+01
1.302139992867677449e+02 1.692140699695297812e+01
1.302772140013414059e+02 1.692176319247896643e+01
1.303404287159150385e+02 1.692225594934759414e+01
1.304036434304886996e+02 1.692288519976769123e+01
1.304668581450623606e+02 1.692365086202265800e+01
1.305300728596360216e+02 1.692455284047052899e+01
1.305932875742096826e+02 1.692559102554331929e+01
1.306565022887833436e+02 1.692676529374562833e+01
1.307197170033570046e+02 1.692807550765246205e+01
1.307829317179306372e+02 1.692952151590636944e+01
1.308461464325042982e+02 1.693110315321396797e+01
1.309093611470779592e+02 1.693282024034175137e+01
1.309725758616516202e+02 1.693467258411127929e+01
1.310357905762252813e+02 1.693665997739374518e+01
1.310990052907989423e+02 1.693878219910399707e+01
1.311622200053726033e+02 1.694103901419386560e+01
1.312254347199462359e+02 1.694343017364498749e+01
1.312886494345198969e+02 1.694595541446107489e+01
1.313518641490935579e+02 1.694861445965955937e+01
1.314150788636672189e+02 1.695140701826277052e+01
1.314782935782408799e+02 1.695433278528856036e+01
1.315415082928145409e+02 1.695739144174038415e+01
1.316047230073882019e+02 1.696058265459694780e+01
1.316679377219618345e+02 1.696390607680129037e+01
1.317311524365355240e+02 1.696736134724946155e+01
1.317943671511091566e+02 1.697094809077864497e+01
1.318575818656828176e+02 1.697466591815495818e+01
1.319207965802564786e+02 1.697851442606070194e+01
1.319840112948301396e+02 1.698249319708125782e+01
1.320472260094038006e+02 1.698660179969155948e+01
1.321104407239774332e+02 1.699083978824220154e+01
1.321736554385511226e+02 1.699520670294513991e+01
1.322368701531247552e+02 1.699970206985907595e+01
1.323000848676984162e+02 1.700432540087448530e+01
1.323632995822720773e+02 1.700907619369834123e+01
1.324265142968457383e+02 1.701395393183852178e+01
1.324897290114193993e+02 1.701895808458797532e+01
1.325529437259930603e+02 1.702408810700861608e+01
1.326161584405667213e+02 1.702934343991494970e+01
1.326793731551403539e+02 1.703472350985756378e+01
1.327425878697140433e+02 1.704022772910633421e+01
1.328058025842876759e+02 1.704585549563356395e+01
1.328690172988613369e+02 1.705160619309689451e+01
1.329322320134349980e+02 1.705747919082216058e+01
1.329954467280086590e+02 1.706347384378613441e+01
1.330586614425823200e+02 1.706958949259923131e+01
1.331218761571559526e+02 1.707582546348812969e+01
1.331850908717296420e+02 1.708218106827842320e+01
1.332483055863032746e+02 1.708865560437733677e+01
1.333115203008769356e+02 1.709524835475641424e+01
1.333747350154505966e+02 1.710195858793437296e+01
1.334379497300242576e+02 1.710878555796000455e+01
1.335011644445979186e+02 1.711572850439529958e+01
1.335643791591715797e+02 1.712278665229876751e+01
1.336275938737452407e+02 1.712995921220888107e+01
1.336908085883189017e+02 1.713724538012790788e+01
1.337540233028925343e+02 1.714464433750599426e+01
1.338172380174662237e+02 1.715215525122554752e+01
1.338804527320398563e+02 1.715977727358608007e+01
1.339436674466135173e+02 1.716750954228939463e+01
1.340068821611871783e+02 1.717535118042533426e+01
1.340700968757608393e+02 1.718330129645791260e+01
1.341333115903345004e+02 1.719135898421214392e+01
1.341965263049081329e+02 1.719952332286135999e+01
1.342597410194818224e+02 1.720779337691520183e+01
1.343229557340554550e+02 1.721616819620834704e+01
1.343861704486291160e+02 1.722464681588995816e+01
1.344493851632027770e+02 1.723322825641390565e+01
1.345125998777764380e+02 1.724191152352991097e+01
1.345758145923500990e+02 1.725069560827549608e+01
1.346390293069237316e+02 1.725957948696897759e+01
1.347022440214974210e+02 1.726856212120341993e+01
1.347654587360710536e+02 1.727764245784171138e+01
1.348286734506447146e+02 1.728681942901270219e+01
1.348918881652183757e+02 1.729609195210864669e+01
1.349551028797920367e+02 1.730545892978373956e+01
1.350183175943656977e+02 1.731491924995414067e+01
1.350815323089393587e+02 1.732447178579925051e+01
1.351447470235130197e+02 1.733411539576448135e+01
1.352079617380866523e+02 1.734384892356557373e+01
1.352711764526603417e+02 1.735367119819444071e+01
1.353343911672339743e+02 1.736358103392668184e+01
1.353976058818076353e+02 1.737357723033082380e+01
1.354608205963812964e+02 1.738365857227935862e+01
1.355240353109549574e+02 1.739382382996164012e+01
1.355872500255286184e+02 1.740407175889874836e+01
1.356504647401022510e+02 1.741440109996032604e+01
1.357136794546759404e+02 1.742481057938356415e+01
1.357768941692495730e+02 1.743529890879431221e+01
1.358401088838232340e+02 1.744586478523049777e+01
1.359033235983968950e+02 1.745650689116784804e+01
1.359665383129705560e+02 1.746722389454803448e+01
1.360297530275442170e+02 1.747801444880931854e+01
1.360929677421178496e+02 1.748887719291982279e+01
1.361561824566915391e+02 1.749981075141341336e+01
1.362193971712651717e+02 1.751081373442839606e+01
1.362826118858388327e+02 1.752188473774904764e+01
1.363458266004124937e+02 1.753302234285006023e+01
1.364090413149861547e+02 1.754422511694408371e+01
1.364722560295598157e+02 1.755549161303228445e+01
1.365354707441334767e+02 1.756682036995825058e+01
1.365986854587071377e+02 1.757820991246505571e+01
1.366619001732807703e+02 1.758965875125585043e+01
1.367251148878544313e+02 1.760116538305790712e+01
1.367883296024280924e+02 1.761272829069018897e+01
1.368515443170017534e+02 1.762434594313477021e+01
1.369147590315754144e+02 1.763601679561181612e+01
1.369779737461490754e+02 1.764773928965866645e+01
1.370411884607227364e+02 1.765951185321276284e+01
1.371044031752963690e+02 1.767133290069871521e+01
1.371676178898700300e+02 1.768320083311949986e+01
1.372308326044436910e+02 1.769511403815198136e+01
1.372940473190173520e+02 1.770707089024682901e+01
1.373572620335910131e+02 1.771906975073281032e+01
1.374204767481646741e+02 1.773110896792577051e+01
1.374836914627383351e+02 1.774318687724223764e+01
1.375469061773119677e+02 1.775530180131783098e+01
1.376101208918856571e+02 1.776745205013047624e+01
1.376733356064592897e+02 1.777963592112870828e+01
1.377365503210329507e+02 1.779185169936493693e+01
1.377997650356066117e+02 1.780409765763396024e+01
1.378629797501802727e+02 1.781637205661670365e+01
1.379261944647539337e+02 1.782867314502934875e+01
1.379894091793275948e+02 1.784099915977789053e+01
1.380526238939012558e+02 1.785334832611831857e+01
1.381158386084749168e+02 1.786571885782233338e+01
1.381790533230485494e+02 1.787810895734896732e+01
1.382422680376222388e+02 1.789051681602187571e+01
1.383054827521958714e+02 1.790294061421262839e+01
1.383686974667695324e+02 1.791537852153001964e+01
1.384319121813431934e+02 1.792782869701547455e+01
1.384951268959168544e+02 1.794028928934459444e+01
1.385583416104905154e+02 1.795275843703502971e+01
1.386215563250641480e+02 1.796523426866062323e+01
1.386847710396378375e+02 1.797771490307203379e+01
1.387479857542114701e+02 1.799019844962386117e+01
1.388112004687851311e+02 1.800268300840825475e+01
1.388744151833587921e+02 1.801516667049526177e+01
1.389376298979324531e+02 1.802764751817986877e+01
1.390008446125061141e+02 1.804012362523570800e+01
1.390640593270797751e+02 1.805259305717573781e+01
1.391272740416534361e+02 1.806505387151971220e+01
1.391904887562270687e+02 1.807750411806862445e+01
1.392537034708007297e+02 1.808994183918610688e+01
1.393169181853743908e+02 1.810236507008692186e+01
1.393801328999480518e+02 1.811477183913248723e+01
1.394433476145217128e+02 1.812716016813349640e+01
1.395065623290953738e+02 1.813952807265974698e+01
1.395697770436690348e+02 1.815187356235703575e+01
1.396329917582426674e+02 1.816419464127137218e+01
1.396962064728163284e+02 1.817648930818031516e+01
1.397594211873899894e+02 1.818875555693151824e+01
1.398226359019636504e+02 1.820099137678859691e+01
1.398858506165373115e+02 1.821319475278417954e+01
1.399490653311109725e+02 1.822536366608013125e+01
1.400122800456846335e+02 1.823749609433508212e+01
1.400754947602582661e+02 1.824959001207911058e+01
1.401387094748319555e+02 1.826164339109562107e+01
1.402019241894055881e+02 1.827365420081031644e+01
1.402651389039792491e+02 1.828562040868742855e+01
1.403283536185529101e+02 1.829753998063284115e+01
1.403915683331265711e+02 1.830941088140434658e+01
1.404547830477002321e+02 1.832123107502887649e+01
1.405179977622738647e+02 1.833299852522656792e+01
1.405812124768475542e+02 1.834471119584170395e+01
1.406444271914211868e+02 1.835636705128045776e+01
1.407076419059948478e+02 1.836796405695521273e+01
1.407708566205685088e+02 1.837950017973554395e+01
1.408340713351421698e+02 1.839097338840564788e+01
1.408972860497158308e+02 1.840238165412812776e+01
1.409605007642894634e+02 1.841372295091408162e+01
1.410237154788631528e+02 1.842499525609929023e+01
1.410869301934367854e+02 1.843619655082638786e+01
1.411501449080104464e+02 1.844732482053295541e+01
1.412133596225841075e+02 1.845837805544526589e+01
1.412765743371577685e+02 1.846935425107757922e+01
1.413397890517314295e+02 1.848025140873694738e+01
1.414030037663050905e+02 1.849106753603305719e+01
1.414662184808787515e+02 1.850180064739324237e+01
1.415294331954523841e+02 1.851244876458228816e+01
1.415926479100260735e+02 1.852300991722693269e+01
1.416558626245997061e+02 1.853348214334474164e+01
1.417190773391733671e+02 1.854386348987727828e+01
1.417822920537470281e+02 1.855415201322725238e+01
1.418455067683206892e+02 1.856434577979942802e+01
1.419087214828943502e+02 1.857444286654511245e+01
1.419719361974679828e+02 1.858444136150991000e+01
1.420351509120416722e+02 1.859433936438451340e+01
1.420983656266153048e+02 1.860413498705827706e+01
1.421615803411889658e+02 1.861382635417528064e+01
1.422247950557626268e+02 1.862341160369266646e+01
1.422880097703362878e+02 1.863288888744084559e+01
1.423512244849099488e+02 1.864225637168542349e+01
1.424144391994836099e+02 1.865151223769041877e+01
1.424776539140572709e+02 1.866065468228262603e+01
1.425408686286309319e+02 1.866968191841658253e+01
1.426040833432045645e+02 1.867859217574003594e+01
1.426672980577782539e+02 1.868738370115952918e+01
1.427305127723518865e+02 1.869605475940561234e+01
1.427937274869255475e+02 1.870460363359767797e+01
1.428569422014992085e+02 1.871302862580769144e+01
1.429201569160728695e+02 1.872132805762278807e+01
1.429833716306465305e+02 1.872950027070619328e+01
1.430465863452201631e+02 1.873754362735618884e+01
1.431098010597938526e+02 1.874545651106278044e+01
1.431730157743674852e+02 1.875323732706161550e+01
1.432362304889411462e+02 1.876088450288489895e+01
1.432994452035148072e+02 1.876839648890888768e+01
1.433626599180884682e+02 1.877577175889750905e+01
1.434258746326621292e+02 1.878300881054191862e+01
1.434890893472357902e+02 1.879010616599542516e+01
1.435523040618094512e+02 1.879706237240352706e+01
1.436155187763830838e+02 1.880387600242865531e+01
1.436787334909567448e+02 1.881054565476923912e+01
1.437419482055304059e+02 1.881706995467265386e+01
1.438051629201040669e+02 1.882344755444184514e+01
1.438683776346777279e+02 1.882967713393503573e+01
1.439315923492513889e+02 1.883575740105830576e+01
1.439948070638250499e+02 1.884168709225058436e+01
1.440580217783986825e+02 1.884746497296072576e+01
1.441212364929723719e+02 1.885308983811628281e+01
1.441844512075460045e+02 1.885856051258360466e+01
1.442476659221196655e+02 1.886387585161891067e+01
1.443108806366933266e+02 1.886903474130998859e+01
1.443740953512669876e+02 1.887403609900815127e+01
1.444373100658406486e+02 1.887887887375006457e+01
1.445005247804142812e+02 1.888356204666927951e+01
1.445637394949879706e+02 1.888808463139679006e+01
1.446269542095616032e+02 1.889244567445072676e+01
1.446901689241352642e+02 1.889664425561445071e+01
1.447533836387089252e+02 1.890067948830303379e+01
1.448165983532825862e+02 1.890455051991766666e+01
1.448798130678562472e+02 1.890825653218769276e+01
1.449430277824298798e+02 1.891179674150010115e+01
1.450062424970035693e+02 1.891517039921602361e+01
1.450694572115772019e+02 1.891837679197411859e+01
1.451326719261508629e+02 1.892141524198050107e+01
1.451958866407245239e+02 1.892428510728496605e+01
1.452591013552981849e+02 1.892698578204331028e+01
1.453223160698718459e+02 1.892951669676546089e+01
1.453855307844455069e+02 1.893187731854927947e+01
1.454487454990191679e+02 1.893406715129973961e+01
1.455119602135928005e+02 1.893608573593335720e+01
1.455751749281664615e+02 1.893793265056763531e+01
1.456383896427401226e+02 1.893960751069543491e+01
1.457016043573137836e+02 1.894110996934398727e+01
1.457648190718874446e+02 1.894243971721856568e+01
1.458280337864611056e+02 1.894359648283052877e+01
1.458912485010347666e+02 1.894458003260973555e+01
1.459544632156083992e+02 1.894539017100115785e+01
1.460176779301820886e+02 1.894602674054560154e+01
1.460808926447557212e+02 1.894648962194456132e+01
1.461441073593293822e+02 1.894677873410894975e+01
1.462073220739030432e+02 1.894689403419184615e+01
1.462705367884767043e+02 1.894683551760510198e+01
