8.311903692939300470e+01 6.331753039406976313e+00
8.318225164396665150e+01 6.333501247076704921e+00
8.324546635854031251e+01 6.335315248777723340e+00
8.330868107311395931e+01 6.337194679461777724e+00
8.337189578768762033e+01 6.339139161409567791e+00
8.343511050226128134e+01 6.341148304361214016e+00
8.349832521683494235e+01 6.343221705650575970e+00
8.356153993140860337e+01 6.345358950343269022e+00
8.362475464598225017e+01 6.347559611378361666e+00
8.368796936055591118e+01 6.349823249713580253e+00
8.375118407512955798e+01 6.352149414473974076e+00
8.381439878970321899e+01 6.354537643103895128e+00
8.387761350427688001e+01 6.356987461522241922e+00
8.394082821885054102e+01 6.359498384280790617e+00
8.400404293342420203e+01 6.362069914725571707e+00
8.406725764799784884e+01 6.364701545161122631e+00
8.413047236257150985e+01 6.367392757017590554e+00
8.419368707714517086e+01 6.370143021020467700e+00
8.425690179171881766e+01 6.372951797362942372e+00
8.432011650629249289e+01 6.375818535880686255e+00
8.438333122086615390e+01 6.378742676229036235e+00
8.444654593543980070e+01 6.381723648062353149e+00
8.450976065001344750e+01 6.384760871215561906e+00
8.457297536458710852e+01 6.387853755887686447e+00
8.463619007916076953e+01 6.391001702827248110e+00
8.469940479373443054e+01 6.394204103519518512e+00
8.476261950830809155e+01 6.397460340375366705e+00
8.482583422288175257e+01 6.400769786921729931e+00
8.488904893745539937e+01 6.404131807993474368e+00
8.495226365202904617e+01 6.407545759926633444e+00
8.501547836660270718e+01 6.411010990752840755e+00
8.507869308117636820e+01 6.414526840394877638e+00
8.514190779575004342e+01 6.418092640863227949e+00
8.520512251032369022e+01 6.421707716453497916e+00
8.526833722489735123e+01 6.425371383944654902e+00
8.533155193947099804e+01 6.429082952797927852e+00
8.539476665404464484e+01 6.432841725356245099e+00
8.545798136861832006e+01 6.436646997044172203e+00
8.552119608319196686e+01 6.440498056568213059e+00
8.558441079776564209e+01 6.444394186117329504e+00
8.564762551233928889e+01 6.448334661563652759e+00
8.571084022691294990e+01 6.452318752663247281e+00
8.577405494148659670e+01 6.456345723256824876e+00
8.583726965606024351e+01 6.460414831470325581e+00
8.590048437063391873e+01 6.464525329915288943e+00
8.596369908520759395e+01 6.468676465888884231e+00
8.602691379978124075e+01 6.472867481573529425e+00
8.609012851435488756e+01 6.477097614236034140e+00
8.615334322892854857e+01 6.481366096426139478e+00
8.621655794350219537e+01 6.485672156174405956e+00
8.627977265807587059e+01 6.490015017189330493e+00
8.634298737264951740e+01 6.494393899053667596e+00
8.640620208722319262e+01 6.498808017419833938e+00
8.646941680179683942e+01 6.503256584204342161e+00
8.653263151637050044e+01 6.507738807781205281e+00
8.659584623094414724e+01 6.512253893174213104e+00
8.665906094551779404e+01 6.516801042248083320e+00
8.672227566009146926e+01 6.521379453898386913e+00
8.678549037466511606e+01 6.525988324240271865e+00
8.684870508923879129e+01 6.530626846795908769e+00
8.691191980381243809e+01 6.535294212680820891e+00
8.697513451838609910e+01 6.539989610789125329e+00
8.703834923295974590e+01 6.544712227978177310e+00
8.710156394753339271e+01 6.549461249253567985e+00
8.716477866210706793e+01 6.554235857957138478e+00
8.722799337668074315e+01 6.559035235967558108e+00
8.729120809125438996e+01 6.563858563962642556e+00
8.735442280582803676e+01 6.568705022246077441e+00
8.741763752040169777e+01 6.573573789710006388e+00
8.748085223497534457e+01 6.578464042343698637e+00
8.754406694954901980e+01 6.583374956570255954e+00
8.760728166412266660e+01 6.588305708562694818e+00
8.767049637869634182e+01 6.593255474239395397e+00
8.773371109326998862e+01 6.598223429390666972e+00
8.779692580784363543e+01 6.603208749826438684e+00
8.786014052241729644e+01 6.608210611528625655e+00
8.792335523699094324e+01 6.613228190804155027e+00
8.798656995156461846e+01 6.618260664436959928e+00
8.804978466613826527e+01 6.623307209838517728e+00
8.811299938071194049e+01 6.628367005196456496e+00
8.817621409528558729e+01 6.633439229621190592e+00
8.823942880985923409e+01 6.638523063290469928e+00
8.830264352443289511e+01 6.643617687591752308e+00
8.836585823900654191e+01 6.648722285262375742e+00
8.842907295358021713e+01 6.653836040527516538e+00
8.849228766815387814e+01 6.658958139235903850e+00
8.855550238272753916e+01 6.664087768993270267e+00
8.861871709730118596e+01 6.669224119293525099e+00
8.868193181187484697e+01 6.674366381647685920e+00
8.874514652644849377e+01 6.679513749710476844e+00
8.880836124102216900e+01 6.684665419404682396e+00
8.887157595559581580e+01 6.689820589043209864e+00
8.893479067016949102e+01 6.694978459448867270e+00
8.899800538474313782e+01 6.700138234071843613e+00
8.906122009931678463e+01 6.705299119104944694e+00
8.912443481389044564e+01 6.710460323596544541e+00
8.918764952846409244e+01 6.715621059561279083e+00
8.925086424303776766e+01 6.720780542088468756e+00
8.931407895761141447e+01 6.725937989448318000e+00
8.937729367218508969e+01 6.731092623195887192e+00
8.944050838675873649e+01 6.736243668272834384e+00
8.950372310133238329e+01 6.741390353106920585e+00
8.956693781590604431e+01 6.746531909709396757e+00
8.963015253047969111e+01 6.751667573770134823e+00
8.969336724505336633e+01 6.756796584750643042e+00
8.975658195962702735e+01 6.761918185974939099e+00
8.981979667420068836e+01 6.767031624718263139e+00
8.988301138877433516e+01 6.772136152293716904e+00
8.994622610334798196e+01 6.777231024136808557e+00
9.000944081792164297e+01 6.782315499887930699e+00
9.007265553249530399e+01 6.787388843472770716e+00
9.013587024706896500e+01 6.792450323180737826e+00
9.019908496164262601e+01 6.797499211741363290e+00
9.026229967621628703e+01 6.802534786398704902e+00
9.032551439078993383e+01 6.807556328983846328e+00
9.038872910536358063e+01 6.812563125985436230e+00
9.045194381993724164e+01 6.817554468618292063e+00
9.051515853451090265e+01 6.822529652890182206e+00
9.057837324908456367e+01 6.827487979666723383e+00
9.064158796365822468e+01 6.832428754734427123e+00
9.070480267823188569e+01 6.837351288861991172e+00
9.076801739280553250e+01 6.842254897859758600e+00
9.083123210737917930e+01 6.847138902637481372e+00
9.089444682195284031e+01 6.852002629260312005e+00
9.095766153652651553e+01 6.856845409003146763e+00
9.102087625110017655e+01 6.861666578403235128e+00
9.108409096567383756e+01 6.866465479311241182e+00
9.114730568024748436e+01 6.871241458940594349e+00
9.121052039482113116e+01 6.875993869915331125e+00
9.127373510939479218e+01 6.880722070316332761e+00
9.133694982396845319e+01 6.885425423726071692e+00
9.140016453854211420e+01 6.890103299271820525e+00
9.146337925311577521e+01 6.894755071667417745e+00
9.152659396768943623e+01 6.899380121253586573e+00
9.158980868226308303e+01 6.903977834036821193e+00
9.165302339683672983e+01 6.908547601726916731e+00
9.171623811141039084e+01 6.913088821773103909e+00
9.177945282598405186e+01 6.917600897398895832e+00
9.184266754055771287e+01 6.922083237635601627e+00
9.190588225513137388e+01 6.926535257354575315e+00
9.196909696970503489e+01 6.930956377298233662e+00
9.203231168427868170e+01 6.935346024109824370e+00
9.209552639885232850e+01 6.939703630362051179e+00
9.215874111342598951e+01 6.944028634584497262e+00
9.222195582799965052e+01 6.948320481289930406e+00
9.228517054257332575e+01 6.952578620999507741e+00
9.234838525714697255e+01 6.956802510266879125e+00
9.241159997172063356e+01 6.960991611701269122e+00
9.247481468629428036e+01 6.965145393989513600e+00
9.253802940086792717e+01 6.969263331917074922e+00
9.260124411544160239e+01 6.973344906388141418e+00
9.266445883001524919e+01 6.977389604444725890e+00
9.272767354458892441e+01 6.981396919284867941e+00
9.279088825916257122e+01 6.985366350279943681e+00
9.285410297373623223e+01 6.989297402991080155e+00
9.291731768830987903e+01 6.993189589184748201e+00
9.298053240288352583e+01 6.997042426847547958e+00
9.304374711745720106e+01 7.000855440200136393e+00
9.310696183203086207e+01 7.004628159710454938e+00
9.317017654660452308e+01 7.008360122106174650e+00
9.323339126117818410e+01 7.012050870386403290e+00
9.329660597575183090e+01 7.015699953832722713e+00
9.335982069032547770e+01 7.019306928019512171e+00
9.342303540489913871e+01 7.022871354823656986e+00
9.348625011947279972e+01 7.026392802433599094e+00
9.354946483404647495e+01 7.029870845357757858e+00
9.361267954862012175e+01 7.033305064432397558e+00
9.367589426319378276e+01 7.036695046828898903e+00
9.373910897776742956e+01 7.040040386060515409e+00
9.380232369234107637e+01 7.043340681988552454e+00
9.386553840691475159e+01 7.046595540828088922e+00
9.392875312148839839e+01 7.049804575153165054e+00
9.399196783606207362e+01 7.052967403901560850e+00
9.405518255063572042e+01 7.056083652379071758e+00
9.411839726520938143e+01 7.059152952263369585e+00
9.418161197978302823e+01 7.062174941607487710e+00
9.424482669435667503e+01 7.065149264842871091e+00
9.430804140893035026e+01 7.068075572782048788e+00
9.437125612350399706e+01 7.070953522621010734e+00
9.443447083807767228e+01 7.073782777941167055e+00
9.449768555265131909e+01 7.076563008711031166e+00
9.456090026722498010e+01 7.079293891287590235e+00
9.462411498179862690e+01 7.081975108417374543e+00
9.468732969637227370e+01 7.084606349237265732e+00
9.475054441094594893e+01 7.087187309275023495e+00
9.481375912551962415e+01 7.089717690449604426e+00
9.487697384009327095e+01 7.092197201071222423e+00
9.494018855466691775e+01 7.094625555841200359e+00
9.500340326924057877e+01 7.097002475851641456e+00
9.506661798381422557e+01 7.099327688584875062e+00
9.512983269838790079e+01 7.101600927912773642e+00
9.519304741296154759e+01 7.103821934095878810e+00
9.525626212753522282e+01 7.105990453782396798e+00
9.531947684210886962e+01 7.108106240007042054e+00
9.538269155668253063e+01 7.110169052189776906e+00
9.544590627125617743e+01 7.112178656134435784e+00
9.550912098582982424e+01 7.114134824027238402e+00
9.557233570040349946e+01 7.116037334435232786e+00
9.563555041497714626e+01 7.117885972304640596e+00
9.569876512955082148e+01 7.119680528959156263e+00
9.576197984412446829e+01 7.121420802098175074e+00
9.582519455869812930e+01 7.123106595794971518e+00
9.588840927327177610e+01 7.124737720494863424e+00
9.595162398784542290e+01 7.126313993013313919e+00
9.601483870241909813e+01 7.127835236534046714e+00
9.607805341699277335e+01 7.129301280607112545e+00
9.614126813156642015e+01 7.130711961147013334e+00
9.620448284614006695e+01 7.132067120430749974e+00
9.626769756071372797e+01 7.133366607095950052e+00
9.633091227528737477e+01 7.134610276139011553e+00
9.639412698986104999e+01 7.135797988913215484e+00
9.645734170443469679e+01 7.136929613126934413e+00
9.652055641900837202e+01 7.138005022841856118e+00
9.658377113358201882e+01 7.139024098471256963e+00
9.664698584815566562e+01 7.139986726778320580e+00
9.671020056272932663e+01 7.140892800874525825e+00
9.677341527730297344e+01 7.141742220218086246e+00
9.683662999187664866e+01 7.142534890612483700e+00
9.689984470645029546e+01 7.143270724205028621e+00
9.696305942102397069e+01 7.143949639485529524e+00
9.702627413559761749e+01 7.144571561285050443e+00
9.708948885017126429e+01 7.145136420774714558e+00
9.715270356474492530e+01 7.145644155464632163e+00
9.721591827931857210e+01 7.146094709202921003e+00
9.727913299389224733e+01 7.146488032174786120e+00
9.734234770846590834e+01 7.146824080901705400e+00
9.740556242303956935e+01 7.147102818240768762e+00
9.746877713761321615e+01 7.147324213384028013e+00
9.753199185218687717e+01 7.147488241858025226e+00
9.759520656676052397e+01 7.147594885523375297e+00
9.765842128133419919e+01 7.147644132574489717e+00
9.772163599590784600e+01 7.147635977539374963e+00
9.778485071048152122e+01 7.147570421279546338e+00
9.784806542505516802e+01 7.147447470990084817e+00
9.791128013962881482e+01 7.147267140199718760e+00
9.797449485420247584e+01 7.147029448771103688e+00
9.803770956877612264e+01 7.146734422901150907e+00
9.810092428334979786e+01 7.146382095121463607e+00
9.816413899792344466e+01 7.145972504298902628e+00
9.822735371249711989e+01 7.145505695636236609e+00
9.829056842707076669e+01 7.144981720672880066e+00
9.835378314164441349e+01 7.144400637285769129e+00
9.841699785621807450e+01 7.143762509690281703e+00
9.848021257079172130e+01 7.143067408441297061e+00
9.854342728536539653e+01 7.142315410434315837e+00
9.860664199993905754e+01 7.141506598906676828e+00
9.866985671451271855e+01 7.140641063438857294e+00
9.873307142908636536e+01 7.139718899955867393e+00
9.879628614366001216e+01 7.138740210728677482e+00
9.885950085823367317e+01 7.137705104375766219e+00
9.892271557280733418e+01 7.136613695864699736e+00
9.898593028738099520e+01 7.135466106513813855e+00
9.904914500195465621e+01 7.134262463993879422e+00
9.911235971652831722e+01 7.133002902329910633e+00
9.917557443110196402e+01 7.131687561902943173e+00
9.923878914567561083e+01 7.130316589451889620e+00
9.930200386024927184e+01 7.128890138075403726e+00
9.936521857482293285e+01 7.127408367233808661e+00
9.942843328939659386e+01 7.125871442750991491e+00
9.949164800397025488e+01 7.124279536816356284e+00
9.955486271854391589e+01 7.122632827986740800e+00
9.961807743311756269e+01 7.120931501188367818e+00
9.968129214769122370e+01 7.119175747718740510e+00
9.974450686226487051e+01 7.117365765248545806e+00
9.980772157683854573e+01 7.115501757823531115e+00
9.987093629141220674e+01 7.113583935866318875e+00
9.993415100598586776e+01 7.111612516178171362e+00
9.999736572055951456e+01 7.109587721940733296e+00
1.000605804351331614e+02 7.107509782717645663e+00
1.001237951497068224e+02 7.105378934456144435e+00
1.001870098642804834e+02 7.103195419488504747e+00
1.002502245788541444e+02 7.100959486533430010e+00
1.003134392934278054e+02 7.098671390697309569e+00
1.003766540080014664e+02 7.096331393475350247e+00
1.004398687225751132e+02 7.093939762752560441e+00
1.005030834371487600e+02 7.091496772804615212e+00
1.005662981517224210e+02 7.089002704298516200e+00
1.006295128662960821e+02 7.086457844293098773e+00
1.006927275808697431e+02 7.083862486239361544e+00
1.007559422954434041e+02 7.081216929980552521e+00
1.008191570100170651e+02 7.078521481752094502e+00
1.008823717245907119e+02 7.075776454181201380e+00
1.009455864391643587e+02 7.072982166286317707e+00
1.010088011537380197e+02 7.070138943476271365e+00
1.010720158683116807e+02 7.067247117549118940e+00
1.011352305828853559e+02 7.064307026690743285e+00
1.011984452974590027e+02 7.061319015473094041e+00
1.012616600120326638e+02 7.058283434852166138e+00
1.013248747266063106e+02 7.055200642165550207e+00
1.013880894411799574e+02 7.052071001129687211e+00
1.014513041557536326e+02 7.048894881836710091e+00
1.015145188703272794e+02 7.045672660750905258e+00
1.015777335849009546e+02 7.042404720704751320e+00
1.016409482994746014e+02 7.039091450894524371e+00
1.017041630140482624e+02 7.035733246875452096e+00
1.017673777286219092e+02 7.032330510556376701e+00
1.018305924431955702e+02 7.028883650193973764e+00
1.018938071577692313e+02 7.025393080386387545e+00
1.019570218723428923e+02 7.021859222066405337e+00
1.020202365869165533e+02 7.018282502494017194e+00
1.020834513014902143e+02 7.014663355248454302e+00
1.021466660160638611e+02 7.011002220219591408e+00
1.022098807306375079e+02 7.007299543598751512e+00
1.022730954452111689e+02 7.003555777868854193e+00
1.023363101597848299e+02 6.999771381793923553e+00
1.023995248743585051e+02 6.995946820407892730e+00
1.024627395889321519e+02 6.992082565002717409e+00
1.025259543035058130e+02 6.988179093115744145e+00
1.025891690180794598e+02 6.984236888516305974e+00
1.026523837326531066e+02 6.980256441191595052e+00
1.027155984472267818e+02 6.976238247331674636e+00
1.027788131618004286e+02 6.972182809313686391e+00
1.028420278763741038e+02 6.968090635685223688e+00
1.029052425909477506e+02 6.963962241146782084e+00
1.029684573055214116e+02 6.959798146533353602e+00
1.030316720200950584e+02 6.955598878795056450e+00
1.030948867346687052e+02 6.951364970976833924e+00
1.031581014492423805e+02 6.947096962197169212e+00
1.032213161638160273e+02 6.942795397625770804e+00
1.032845308783897025e+02 6.938460828460256025e+00
1.033477455929633493e+02 6.934093811901749227e+00
1.034109603075370103e+02 6.929694911129415047e+00
1.034741750221106571e+02 6.925264695273845916e+00
1.035373897366843039e+02 6.920803739389338460e+00
1.036006044512579791e+02 6.916312624424990396e+00
1.036638191658316543e+02 6.911791937194586843e+00
1.037270338804053011e+02 6.907242270345277824e+00
1.037902485949789479e+02 6.902664222324988330e+00
1.038534633095526090e+02 6.898058397348578730e+00
1.039166780241262558e+02 6.893425405362625824e+00
1.039798927386999310e+02 6.888765862008961349e+00
1.040431074532735778e+02 6.884080388586768073e+00
1.041063221678472530e+02 6.879369612013308100e+00
1.041695368824208998e+02 6.874634164783238965e+00
1.042327515969945608e+02 6.869874684926451813e+00
1.042959663115682076e+02 6.865091815964460054e+00
1.043591810261418829e+02 6.860286206865263026e+00
1.044223957407155297e+02 6.855458511996659787e+00
1.044856104552891765e+02 6.850609391078029020e+00
1.045488251698628517e+02 6.845739509130482681e+00
1.046120398844364985e+02 6.840849536425436028e+00
1.046752545990101595e+02 6.835940148431484786e+00
1.047384693135838063e+02 6.831012025759652495e+00
1.048016840281574815e+02 6.826065854106884601e+00
1.048648987427311283e+02 6.821102324197841682e+00
1.049281134573047751e+02 6.816122131724958066e+00
1.049913281718784503e+02 6.811125977286624611e+00
1.050545428864520972e+02 6.806114566323680393e+00
1.051177576010257582e+02 6.801088609053963729e+00
1.051809723155994050e+02 6.796048820405058422e+00
1.052441870301730802e+02 6.790995919945121528e+00
1.053074017447467270e+02 6.785930631811814884e+00
1.053706164593204022e+02 6.780853684639297718e+00
1.054338311738940490e+02 6.775765811483235090e+00
1.054970458884676958e+02 6.770667749743835451e+00
1.055602606030413568e+02 6.765560241086890692e+00
1.056234753176150178e+02 6.760444031362755624e+00
1.056866900321886789e+02 6.755319870523306847e+00
1.057499047467623257e+02 6.750188512536793084e+00
1.058131194613360009e+02 6.745050715300618727e+00
1.058763341759096477e+02 6.739907240552011736e+00
1.059395488904832945e+02 6.734758853776532384e+00
1.060027636050569555e+02 6.729606324114455695e+00
1.060659783196306165e+02 6.724450424264995618e+00
1.061291930342042775e+02 6.719291930388312295e+00
1.061924077487779243e+02 6.714131622005342415e+00
1.062556224633515995e+02 6.708970281895420662e+00
1.063188371779252464e+02 6.703808695991654076e+00
1.063820518924989074e+02 6.698647653274075076e+00
1.064452666070725542e+02 6.693487945660549165e+00
1.065084813216462294e+02 6.688330367895402695e+00
1.065716960362198762e+02 6.683175717435803520e+00
1.066349107507935514e+02 6.678024794335849279e+00
1.066981254653671982e+02 6.672878401128405912e+00
1.067613401799408450e+02 6.667737342704601389e+00
1.068245548945145060e+02 6.662602426191090998e+00
1.068877696090881670e+02 6.657474460825018703e+00
1.069509843236618281e+02 6.652354257826648798e+00
1.070141990382354749e+02 6.647242630269754926e+00
1.070774137528091501e+02 6.642140392949675842e+00
1.071406284673827969e+02 6.637048362249148958e+00
1.072038431819564437e+02 6.631967356001795544e+00
1.072670578965301047e+02 6.626898193353399691e+00
1.073302726111037657e+02 6.621841694620870911e+00
1.073934873256774267e+02 6.616798681149004047e+00
1.074567020402510735e+02 6.611769975164988544e+00
1.075199167548247488e+02 6.606756399630681287e+00
1.075831314693983956e+02 6.601758778092688296e+00
1.076463461839720424e+02 6.596777934530277498e+00
1.077095608985457034e+02 6.591814693201115460e+00
1.077727756131193644e+02 6.586869878484866270e+00
1.078359903276930254e+02 6.581944314724704093e+00
1.078992050422666864e+02 6.577038826066736732e+00
1.079624197568403474e+02 6.572154236297382823e+00
1.080256344714139942e+02 6.567291368678796815e+00
1.080888491859876410e+02 6.562451045782326631e+00
1.081520639005613162e+02 6.557634089320131920e+00
1.082152786151349630e+02 6.552841319975017953e+00
1.082784933297086241e+02 6.548073557228700992e+00
1.083417080442822851e+02 6.543331619188744064e+00
1.084049227588559461e+02 6.538616322414644522e+00
1.084681374734295929e+02 6.533928481744317729e+00
1.085313521880032539e+02 6.529268910124017999e+00
1.085945669025769149e+02 6.524638418452298083e+00
1.086577816171505759e+02 6.520037815495246747e+00
1.087209963317242227e+02 6.515467908433653754e+00
1.087842110462978980e+02 6.510929501076963000e+00
1.088474257608715448e+02 6.506423392505763736e+00
1.089106404754451916e+02 6.501950379860110374e+00
1.089738551900188526e+02 6.497511257275693453e+00
1.090370699045925136e+02 6.493106815540055976e+00
1.091002846191661746e+02 6.488737841866400125e+00
1.091634993337398356e+02 6.484405119687965957e+00
1.092267140483134966e+02 6.480109428457887510e+00
1.092899287628871434e+02 6.475851543450731995e+00
1.093531434774607902e+02 6.471632235564273472e+00
1.094163581920344654e+02 6.467452271121098661e+00
1.094795729066081122e+02 6.463312411669799751e+00
1.095427876211817733e+02 6.459213413785724889e+00
1.096060023357554343e+02 6.455156028871304130e+00
1.096692170503290953e+02 6.451141002955935733e+00
1.097324317649027421e+02 6.447169076495591789e+00
1.097956464794763889e+02 6.443240984172156516e+00
1.098588611940500641e+02 6.439357454692527405e+00
1.099220759086237109e+02 6.435519210587725247e+00
1.099852906231973719e+02 6.431726968011936663e+00
1.100485053377710329e+02 6.427981436541650773e+00
1.101117200523446940e+02 6.424283318975052559e+00
1.101749347669183408e+02 6.420633311131636489e+00
1.102381494814919876e+02 6.417032101652249132e+00
1.103013641960656628e+02 6.413480371799643365e+00
1.103645789106393096e+02 6.409978795259593021e+00
1.104277936252129848e+02 6.406528037942762488e+00
1.104910083397866316e+02 6.403128757787349912e+00
1.105542230543602926e+02 6.399781604562697623e+00
1.106174377689339394e+02 6.396487219673888447e+00
1.106806524835076146e+02 6.393246235967520619e+00
1.107438671980812614e+02 6.390059277538736815e+00
1.108070819126549225e+02 6.386926959539584558e+00
1.108702966272285835e+02 6.383849887988914951e+00
1.109335113418022445e+02 6.380828659583818840e+00
1.109967260563758913e+02 6.377863861512786947e+00
1.110599407709495381e+02 6.374956071270731606e+00
1.111231554855232133e+02 6.372105856475865693e+00
1.111863702000968601e+02 6.369313774688682095e+00
1.112495849146705211e+02 6.366580373233088785e+00
1.113127996292441821e+02 6.363906189019797210e+00
1.113760143438178432e+02 6.361291748372115862e+00
1.114392290583914900e+02 6.358737566854259171e+00
1.115024437729651368e+02 6.356244149102211694e+00
1.115656584875388120e+02 6.353811988657377618e+00
1.116288732021124588e+02 6.351441567803038701e+00
1.116920879166861340e+02 6.349133357403760058e+00
1.117553026312597808e+02 6.346887816747821098e+00
1.118185173458334418e+02 6.344705393392858994e+00
1.118817320604070886e+02 6.342586523014733579e+00
1.119449467749807638e+02 6.340531629259775315e+00
1.120081614895544107e+02 6.338541123600502480e+00
1.120713762041280575e+02 6.336615405194930162e+00
1.121345909187017327e+02 6.334754860749512773e+00
1.121978056332753795e+02 6.332959864385893312e+00
1.122610203478490405e+02 6.331230777511506425e+00
1.123242350624226873e+02 6.329567948694123203e+00
1.123874497769963625e+02 6.327971713540462950e+00
1.124506644915700093e+02 6.326442394578934092e+00
1.125138792061436561e+02 6.324980301146587713e+00
1.125770939207173313e+02 6.323585729280403633e+00
1.126403086352909781e+02 6.322258961612917894e+00
1.127035233498646392e+02 6.321000267272354201e+00
1.127667380644382860e+02 6.319809901787263762e+00
1.128299527790119612e+02 6.318688106995784537e+00
1.128931674935856080e+02 6.317635110959571421e+00
1.129563822081592832e+02 6.316651127882460415e+00
1.130195969227329300e+02 6.315736358033949394e+00
1.130828116373065910e+02 6.314890987677525658e+00
1.131460263518802378e+02 6.314115189003906892e+00
1.132092410664539130e+02 6.313409120069243485e+00
1.132724557810275599e+02 6.312772924738351499e+00
1.133356704956012067e+02 6.312206732632965611e+00
1.133988852101748819e+02 6.311710659085122188e+00
1.134620999247485287e+02 6.311284805095642270e+00
1.135253146393221897e+02 6.310929257297794415e+00
1.135885293538958365e+02 6.310644087926151613e+00
1.136517440684695117e+02 6.310429354790624501e+00
1.137149587830431585e+02 6.310285101255781015e+00
1.137781734976168337e+02 6.310211356225373436e+00
1.138413882121904805e+02 6.310208134132142987e+00
1.139046029267641273e+02 6.310275434932898442e+00
1.139678176413377884e+02 6.310413244108848296e+00
1.140310323559114352e+02 6.310621532671229161e+00
1.140942470704851104e+02 6.310900257172174399e+00
1.141574617850587572e+02 6.311249359720868313e+00
1.142206764996324324e+02 6.311668768004921048e+00
1.142838912142060792e+02 6.312158395317001514e+00
1.143471059287797260e+02 6.312718140586645710e+00
1.144103206433533870e+02 6.313347888417286669e+00
1.144735353579270480e+02 6.314047509128382529e+00
1.145367500725007091e+02 6.314816858802752897e+00
1.145999647870743559e+02 6.315655779338906761e+00
1.146631795016480311e+02 6.316564098508494318e+00
1.147263942162216779e+02 6.317541630018701504e+00
1.147896089307953247e+02 6.318588173579638756e+00
1.148528236453689857e+02 6.319703514976613867e+00
1.149160383599426467e+02 6.320887426147248966e+00
1.149792530745163077e+02 6.322139665263396324e+00
1.150424677890899829e+02 6.323459976817780159e+00
1.151056825036636297e+02 6.324848091715290721e+00
1.151688972182372765e+02 6.326303727368868479e+00
1.152321119328109376e+02 6.327826587799939340e+00
1.152953266473845844e+02 6.329416363743249896e+00
1.153585413619582596e+02 6.331072732756104493e+00
1.154217560765319064e+02 6.332795359331886864e+00
1.154849707911055816e+02 6.334583895017767752e+00
1.155481855056792284e+02 6.336437978536548776e+00
1.156114002202528752e+02 6.338357235912527088e+00
1.156746149348265362e+02 6.340341280601314189e+00
1.157378296494001972e+02 6.342389713623472147e+00
1.158010443639738583e+02 6.344502123701920127e+00
1.158642590785475051e+02 6.346678087402996660e+00
1.159274737931211803e+02 6.348917169281060424e+00
1.159906885076948271e+02 6.351218922026561131e+00
1.160539032222684739e+02 6.353582886617429537e+00
1.161171179368421349e+02 6.356008592473753716e+00
1.161803326514157959e+02 6.358495557615547966e+00
1.162435473659894569e+02 6.361043288823593045e+00
1.163067620805631179e+02 6.363651281803176296e+00
1.163699767951367789e+02 6.366319021350634877e+00
1.164331915097104257e+02 6.369045981522640787e+00
1.164964062242840726e+02 6.371831625808033195e+00
1.165596209388577336e+02 6.374675407302158980e+00
1.166228356534313946e+02 6.377576768883559843e+00
1.166860503680050556e+02 6.380535143392916275e+00
1.167492650825787166e+02 6.383549953814151579e+00
1.168124797971523776e+02 6.386620613457529849e+00
1.168756945117260244e+02 6.389746526144700844e+00
1.169389092262996712e+02 6.392927086395504332e+00
1.170021239408733464e+02 6.396161679616499285e+00
1.170653386554469932e+02 6.399449682291034058e+00
1.171285533700206543e+02 6.402790462170772301e+00
1.171917680845943295e+02 6.406183378468625733e+00
1.172549827991679763e+02 6.409627782052832679e+00
1.173181975137416231e+02 6.413123015642221425e+00
1.173814122283152841e+02 6.416668414002465681e+00
1.174446269428889451e+02 6.420263304143247751e+00
1.175078416574626061e+02 6.423907005516220181e+00
1.175710563720362671e+02 6.427598830213635317e+00
1.176342710866099281e+02 6.431338083167598363e+00
1.176974858011835749e+02 6.435124062349734331e+00
1.177607005157572218e+02 6.438956058971297303e+00
1.178239152303308828e+02 6.442833357683506179e+00
1.178871299449045438e+02 6.446755236778037634e+00
1.179503446594782048e+02 6.450720968387655851e+00
1.180135593740518658e+02 6.454729818686725906e+00
1.180767740886255268e+02 6.458781048091681853e+00
1.181399888031991736e+02 6.462873911461227472e+00
1.182032035177728204e+02 6.467007658296246575e+00
1.182664182323464956e+02 6.471181532939326075e+00
1.183296329469201424e+02 6.475394774773749695e+00
1.183928476614938035e+02 6.479646618421970317e+00
1.184560623760674645e+02 6.483936293943359352e+00
1.185192770906411255e+02 6.488263027031273111e+00
1.185824918052147723e+02 6.492626039209262956e+00
1.186457065197884191e+02 6.497024548026391066e+00
1.187089212343620943e+02 6.501457767251543451e+00
1.187721359489357411e+02 6.505924907066758855e+00
1.188353506635094163e+02 6.510425174259358627e+00
1.188985653780830631e+02 6.514957772412905967e+00
1.189617800926567242e+02 6.519521902096939492e+00
1.190249948072303710e+02 6.524116761055321234e+00
1.190882095218040178e+02 6.528741544393247942e+00
1.191514242363776930e+02 6.533395444762782667e+00
1.192146389509513398e+02 6.538077652546867569e+00
1.192778536655250150e+02 6.542787356041808167e+00
1.193410683800986760e+02 6.547523741638100248e+00
1.194042830946723228e+02 6.552285993999631408e+00
1.194674978092459696e+02 6.557073296241097360e+00
1.195307125238196448e+02 6.561884830103715593e+00
1.195939272383932916e+02 6.566719776129093411e+00
1.196571419529669527e+02 6.571577313831238776e+00
1.197203566675406137e+02 6.576456621866687335e+00
1.197835713821142747e+02 6.581356878202690552e+00
1.198467860966879215e+02 6.586277260283442736e+00
1.199100008112615683e+02 6.591216945194280363e+00
1.199732155258352435e+02 6.596175109823881222e+00
1.200364302404088903e+02 6.601150931024358570e+00
1.200996449549825655e+02 6.606143585769284066e+00
1.201628596695562123e+02 6.611152251309603045e+00
1.202260743841298734e+02 6.616176105327371104e+00
1.202892890987035202e+02 6.621214326087355495e+00
1.203525038132771670e+02 6.626266092586445389e+00
1.204157185278508422e+02 6.631330584700854125e+00
1.204789332424244890e+02 6.636406983331112563e+00
1.205421479569981642e+02 6.641494470544810902e+00
1.206053626715718110e+02 6.646592229717120048e+00
1.206685773861454720e+02 6.651699445669049915e+00
1.207317921007191188e+02 6.656815304803437527e+00
1.207950068152927940e+02 6.661938995238657846e+00
1.208582215298664408e+02 6.667069706940065288e+00
1.209214362444400876e+02 6.672206631849182834e+00
1.209846509590137629e+02 6.677348964010560550e+00
1.210478656735874097e+02 6.682495899696379027e+00
1.211110803881610707e+02 6.687646637528751548e+00
1.211742951027347175e+02 6.692800378599769395e+00
1.212375098173083927e+02 6.697956326589257436e+00
1.213007245318820395e+02 6.703113687880249749e+00
1.213639392464557147e+02 6.708271671672209280e+00
1.214271539610293615e+02 6.713429490091990637e+00
1.214903686756030226e+02 6.718586358302538031e+00
1.215535833901766694e+02 6.723741494609360103e+00
1.216167981047503162e+02 6.728894120564777204e+00
1.216800128193239914e+02 6.734043461069925129e+00
1.217432275338976382e+02 6.739188744474587267e+00
1.218064422484713134e+02 6.744329202674814283e+00
1.218696569630449602e+02 6.749464071208382876e+00
1.219328716776186212e+02 6.754592589348090925e+00
1.219960863921922680e+02 6.759714000192915684e+00
1.220593011067659432e+02 6.764827550757046559e+00
1.221225158213395900e+02 6.769932492056796924e+00
1.221857305359132368e+02 6.775028079195466901e+00
1.222489452504869121e+02 6.780113571446101162e+00
1.223121599650605589e+02 6.785188232332233227e+00
1.223753746796342199e+02 6.790251329706604722e+00
1.224385893942078667e+02 6.795302135827846257e+00
1.225018041087815419e+02 6.800339927435248732e+00
1.225650188233551887e+02 6.805363985821493600e+00
1.226282335379288639e+02 6.810373596903557036e+00
1.226914482525025107e+02 6.815368051291613050e+00
1.227546629670761575e+02 6.820346644356114041e+00
1.228178776816498186e+02 6.825308676292983989e+00
1.228810923962234654e+02 6.830253452187016627e+00
1.229443071107971406e+02 6.835180282073424429e+00
1.230075218253707874e+02 6.840088480997638776e+00
1.230707365399444626e+02 6.844977369073380835e+00
1.231339512545181094e+02 6.849846271538937437e+00
1.231971659690917562e+02 6.854694518811823123e+00
1.232603806836654172e+02 6.859521446541717360e+00
1.233235953982390782e+02 6.864326395661774605e+00
1.233868101128127392e+02 6.869108712438332986e+00
1.234500248273863861e+02 6.873867748519018051e+00
1.235132395419600613e+02 6.878602860979303735e+00
1.235764542565337081e+02 6.883313412367528805e+00
1.236396689711073691e+02 6.887998770748422039e+00
1.237028836856810159e+02 6.892658309745161915e+00
1.237660984002546911e+02 6.897291408579967253e+00
1.238293131148283379e+02 6.901897452113283649e+00
1.238925278294020131e+02 6.906475830881597666e+00
1.239557425439756599e+02 6.911025941133853934e+00
1.240189572585493067e+02 6.915547184866562169e+00
1.240821719731229678e+02 6.920038969857627009e+00
1.241453866876966288e+02 6.924500709698841128e+00
1.242086014022702898e+02 6.928931823827176650e+00
1.242718161168439366e+02 6.933331737554828678e+00
1.243350308314176118e+02 6.937699882098098847e+00
1.243982455459912586e+02 6.942035694605083407e+00
1.244614602605649054e+02 6.946338618182235081e+00
1.245246749751385664e+02 6.950608101919822701e+00
1.245878896897122274e+02 6.954843600916278845e+00
1.246511044042858884e+02 6.959044576301534946e+00
1.247143191188595353e+02 6.963210495259286148e+00
1.247775338334332105e+02 6.967340831048283611e+00
1.248407485480068573e+02 6.971435063022616951e+00
1.249039632625805041e+02 6.975492676651084523e+00
1.249671779771541651e+02 6.979513163535604470e+00
1.250303926917278261e+02 6.983496021428743816e+00
1.250936074063014871e+02 6.987440754250370034e+00
1.251568221208751481e+02 6.991346872103455290e+00
1.252200368354488091e+02 6.995213891289044028e+00
1.252832515500224559e+02 6.999041334320427410e+00
1.253464662645961027e+02 7.002828729936541485e+00
1.254096809791697780e+02 7.006575613114629952e+00
1.254728956937434248e+02 7.010281525082136866e+00
1.255361104083170858e+02 7.013946013327937656e+00
1.255993251228907468e+02 7.017568631612847163e+00
1.256625398374644078e+02 7.021148939979507730e+00
1.257257545520380546e+02 7.024686504761601391e+00
1.257889692666117156e+02 7.028180898592474968e+00
1.258521839811853766e+02 7.031631700413152330e+00
1.259153986957590377e+02 7.035038495479779996e+00
1.259786134103326845e+02 7.038400875370531828e+00
1.260418281249063597e+02 7.041718437991951518e+00
1.261050428394800065e+02 7.044990787584818115e+00
1.261682575540536533e+02 7.048217534729498190e+00
1.262314722686273143e+02 7.051398296350846806e+00
1.262946869832009753e+02 7.054532695722625313e+00
1.263579016977746363e+02 7.057620362471503483e+00
1.264211164123482973e+02 7.060660932580683280e+00
1.264843311269219583e+02 7.063654048393035900e+00
1.265475458414956051e+02 7.066599358613968818e+00
1.266107605560692519e+02 7.069496518313834521e+00
1.266739752706429272e+02 7.072345188930079907e+00
1.267371899852165740e+02 7.075145038268995989e+00
1.268004046997902350e+02 7.077895740507213596e+00
1.268636194143638960e+02 7.080596976192881087e+00
1.269268341289375570e+02 7.083248432246575632e+00
1.269900488435112038e+02 7.085849801961929373e+00
1.270532635580848506e+02 7.088400785006052196e+00
1.271164782726585258e+02 7.090901087419683613e+00
1.271796929872321726e+02 7.093350421617156343e+00
1.272429077018058337e+02 7.095748506386152066e+00
1.273061224163794947e+02 7.098095066887267102e+00
1.273693371309531557e+02 7.100389834653441312e+00
1.274325518455268025e+02 7.102632547589181833e+00
1.274957665601004493e+02 7.104822949969689105e+00
1.275589812746741245e+02 7.106960792439868335e+00
1.276221959892477713e+02 7.109045832013237032e+00
1.276854107038214465e+02 7.111077832070729521e+00
1.277486254183950933e+02 7.113056562359535206e+00
1.278118401329687543e+02 7.114981798991886208e+00
1.278750548475424011e+02 7.116853324443947137e+00
1.279382695621160764e+02 7.118670927554910044e+00
1.280014842766897232e+02 7.120434403526529898e+00
1.280646989912633842e+02 7.122143553923590886e+00
1.281279137058370452e+02 7.123798186676444821e+00
1.281911284204107062e+02 7.125398116089078471e+00
1.282543431349843388e+02 7.126943162865607917e+00
1.283175578495579998e+02 7.128433154242319603e+00
1.283807725641316608e+02 7.129867924602590890e+00
1.284439872787053218e+02 7.131247313094152496e+00
1.285072019932789829e+02 7.132571164894754290e+00
1.285704167078526439e+02 7.133839332113614873e+00
1.286336314224263049e+02 7.135051673302661435e+00
1.286968461369999375e+02 7.136208053386373429e+00
1.287600608515735985e+02 7.137308343641558750e+00
1.288232755661472595e+02 7.138352421688510141e+00
1.288864902807209205e+02 7.139340171485970998e+00
1.289497049952945815e+02 7.140271483327747859e+00
1.290129197098682425e+02 7.141146253840118696e+00
1.290761344244419035e+02 7.141964385979705732e+00
1.291393491390155646e+02 7.142725789031652894e+00
1.292025638535892256e+02 7.143430378608011111e+00
1.292657785681628866e+02 7.144078076646272812e+00
1.293289932827365192e+02 7.144668811408081410e+00
1.293922079973102086e+02 7.145202517478013604e+00
1.294554227118838412e+02 7.145679135762541989e+00
1.295186374264575022e+02 7.146098613489048290e+00
1.295818521410311632e+02 7.146460904204978704e+00
1.296450668556048242e+02 7.146765967777118256e+00
1.297082815701784853e+02 7.147013770390937992e+00
1.297714962847521178e+02 7.147204284550076281e+00
1.298347109993258073e+02 7.147337489075909822e+00
1.298979257138994399e+02 7.147413369107267656e+00
1.299611404284731009e+02 7.147431916100192240e+00
1.300243551430467619e+02 7.147393127827878168e+00
1.300875698576204229e+02 7.147297008380677497e+00
1.301507845721940839e+02 7.147143568166208105e+00
1.302139992867677449e+02 7.146932823909597055e+00
1.302772140013414059e+02 7.146664798653811879e+00
1.303404287159150385e+02 7.146339521760102897e+00
1.304036434304886996e+02 7.145957028908557440e+00
1.304668581450623606e+02 7.145517362098736669e+00
1.305300728596360216e+02 7.145020569650450959e+00
1.305932875742096826e+02 7.144466706204579687e+00
1.306565022887833436e+02 7.143855832724042010e+00
1.307197170033570046e+02 7.143188016494845805e+00
1.307829317179306372e+02 7.142463331127195225e+00
1.308461464325042982e+02 7.141681856556759023e+00
1.309093611470779592e+02 7.140843679045937087e+00
1.309725758616516202e+02 7.139948891185287749e+00
1.310357905762252813e+02 7.138997591894973738e+00
1.310990052907989423e+02 7.137989886426319153e+00
1.311622200053726033e+02 7.136925886363420624e+00
1.312254347199462359e+02 7.135805709624832183e+00
1.312886494345198969e+02 7.134629480465285667e+00
1.313518641490935579e+02 7.133397329477505266e+00
1.314150788636672189e+02 7.132109393594016744e+00
1.314782935782408799e+02 7.130765816089068565e+00
1.315415082928145409e+02 7.129366746580514835e+00
1.316047230073882019e+02 7.127912341031789722e+00
1.316679377219618345e+02 7.126402761753847237e+00
1.317311524365355240e+02 7.124838177407179174e+00
1.317943671511091566e+02 7.123218763003788645e+00
1.318575818656828176e+02 7.121544699909191145e+00
1.319207965802564786e+02 7.119816175844380979e+00
1.319840112948301396e+02 7.118033384887837656e+00
1.320472260094038006e+02 7.116196527477431921e+00
1.321104407239774332e+02 7.114305810412354880e+00
1.321736554385511226e+02 7.112361446854974290e+00
1.322368701531247552e+02 7.110363656332649107e+00
1.323000848676984162e+02 7.108312664739487197e+00
1.323632995822720773e+02 7.106208704338002669e+00
1.324265142968457383e+02 7.104052013760720818e+00
1.324897290114193993e+02 7.101842838011662273e+00
1.325529437259930603e+02 7.099581428467740984e+00
1.326161584405667213e+02 7.097268042880027217e+00
1.326793731551403539e+02 7.094902945374889747e+00
1.327425878697140433e+02 7.092486406454998615e+00
1.328058025842876759e+02 7.090018703000150246e+00
1.328690172988613369e+02 7.087500118267980653e+00
1.329322320134349980e+02 7.084930941894400647e+00
1.329954467280086590e+02 7.082311469893950218e+00
1.330586614425823200e+02 7.079642004659846499e+00
1.331218761571559526e+02 7.076922854963872744e+00
1.331850908717296420e+02 7.074154335955994632e+00
1.332483055863032746e+02 7.071336769163754532e+00
1.333115203008769356e+02 7.068470482491352236e+00
1.333747350154505966e+02 7.065555810218485888e+00
1.334379497300242576e+02 7.062593092998867839e+00
1.335011644445979186e+02 7.059582677858437627e+00
1.335643791591715797e+02 7.056524918193230356e+00
1.336275938737452407e+02 7.053420173766916434e+00
1.336908085883189017e+02 7.050268810707934541e+00
1.337540233028925343e+02 7.047071201506281746e+00
1.338172380174662237e+02 7.043827725009888852e+00
1.338804527320398563e+02 7.040538766420555206e+00
1.339436674466135173e+02 7.037204717289452738e+00
1.340068821611871783e+02 7.033825975512191242e+00
1.340700968757608393e+02 7.030402945323377395e+00
1.341333115903345004e+02 7.026936037290701265e+00
1.341965263049081329e+02 7.023425668308458825e+00
1.342597410194818224e+02 7.019872261590590412e+00
1.343229557340554550e+02 7.016276246663143645e+00
1.343861704486291160e+02 7.012638059356121722e+00
1.344493851632027770e+02 7.008958141794760621e+00
1.345125998777764380e+02 7.005236942390175692e+00
1.345758145923500990e+02 7.001474915829388301e+00
1.346390293069237316e+02 6.997672523064611738e+00
1.347022440214974210e+02 6.993830231301925160e+00
1.347654587360710536e+02 6.989948513989182821e+00
1.348286734506447146e+02 6.986027850803213646e+00
1.348918881652183757e+02 6.982068727636232097e+00
1.349551028797920367e+02 6.978071636581491433e+00
1.350183175943656977e+02 6.974037075918094963e+00
1.350815323089393587e+02 6.969965550095023055e+00
1.351447470235130197e+02 6.965857569714239084e+00
1.352079617380866523e+02 6.961713651512969392e+00
1.352711764526603417e+02 6.957534318345002688e+00
1.353343911672339743e+02 6.953320099161144796e+00
1.353976058818076353e+02 6.949071528988634228e+00
1.354608205963812964e+02 6.944789148909611853e+00
1.355240353109549574e+02 6.940473506038557616e+00
1.355872500255286184e+02 6.936125153498702289e+00
1.356504647401022510e+02 6.931744650397356544e+00
1.357136794546759404e+02 6.927332561800147559e+00
1.357768941692495730e+02 6.922889458704157839e+00
1.358401088838232340e+02 6.918415918009880095e+00
1.359033235983968950e+02 6.913912522492015711e+00
1.359665383129705560e+02 6.909379860769067072e+00
1.360297530275442170e+02 6.904818527271697093e+00
1.360929677421178496e+02 6.900229122209821320e+00
1.361561824566915391e+02 6.895612251538431714e+00
1.362193971712651717e+02 6.890968526922072179e+00
1.362826118858388327e+02 6.886298565698001362e+00
1.363458266004124937e+02 6.881602990837975220e+00
1.364090413149861547e+02 6.876882430908601407e+00
1.364722560295598157e+02 6.872137520030306312e+00
1.365354707441334767e+02 6.867368897834805530e+00
1.365986854587071377e+02 6.862577209421118596e+00
1.366619001732807703e+02 6.857763105310057838e+00
1.367251148878544313e+02 6.852927241397149594e+00
1.367883296024280924e+02 6.848070278904026864e+00
1.368515443170017534e+02 6.843192884328209047e+00
1.369147590315754144e+02 6.838295729391228761e+00
1.369779737461490754e+02 6.833379490985131532e+00
1.370411884607227364e+02 6.828444851117287051e+00
1.371044031752963690e+02 6.823492496853479139e+00
1.371676178898700300e+02 6.818523120259270875e+00
1.372308326044436910e+02 6.813537418339601359e+00
1.372940473190173520e+02 6.808536092976587462e+00
1.373572620335910131e+02 6.803519850865518137e+00
1.374204767481646741e+02 6.798489403448989776e+00
1.374836914627383351e+02 6.793445466849176384e+00
1.375469061773119677e+02 6.788388761798231030e+00
1.376101208918856571e+02 6.783320013566724427e+00
1.376733356064592897e+02 6.778239951890176584e+00
1.377365503210329507e+02 6.773149310893596287e+00
1.377997650356066117e+02 6.768048829014040813e+00
1.378629797501802727e+02 6.762939248921177260e+00
1.379261944647539337e+02 6.757821317435774411e+00
1.379894091793275948e+02 6.752695785446146459e+00
1.380526238939012558e+02 6.747563407822569914e+00
1.381158386084749168e+02 6.742424943329504039e+00
1.381790533230485494e+02 6.737281154535805783e+00
1.382422680376222388e+02 6.732132807722699397e+00
1.383054827521958714e+02 6.726980672789689031e+00
1.383686974667695324e+02 6.721825523158230453e+00
1.384319121813431934e+02 6.716668135673256046e+00
1.384951268959168544e+02 6.711509290502480241e+00
1.385583416104905154e+02 6.706349771033501383e+00
1.386215563250641480e+02 6.701190363768656511e+00
1.386847710396378375e+02 6.696031858217656563e+00
1.387479857542114701e+02 6.690875046787970071e+00
1.388112004687851311e+02 6.685720724672910009e+00
1.388744151833587921e+02 6.680569689737514416e+00
1.389376298979324531e+02 6.675422742402094656e+00
1.390008446125061141e+02 6.670280685523527708e+00
1.390640593270797751e+02 6.665144324274249854e+00
1.391272740416534361e+02 6.660014466018999713e+00
1.391904887562270687e+02 6.654891920189184518e+00
1.392537034708007297e+02 6.649777498155057920e+00
1.393169181853743908e+02 6.644672013095538787e+00
1.393801328999480518e+02 6.639576279865757158e+00
1.394433476145217128e+02 6.634491114862329120e+00
1.395065623290953738e+02 6.629417335886341078e+00
1.395697770436690348e+02 6.624355762004079828e+00
1.396329917582426674e+02 6.619307213405477341e+00
1.396962064728163284e+02 6.614272511260337772e+00
1.397594211873899894e+02 6.609252477572299611e+00
1.398226359019636504e+02 6.604247935030604921e+00
1.398858506165373115e+02 6.599259706859623265e+00
1.399490653311109725e+02 6.594288616666236891e+00
1.400122800456846335e+02 6.589335488285030351e+00
1.400754947602582661e+02 6.584401145621341378e+00
1.401387094748319555e+02 6.579486412492191683e+00
1.402019241894055881e+02 6.574592112465131422e+00
1.402651389039792491e+02 6.569719068695020425e+00
1.403283536185529101e+02 6.564868103758764839e+00
1.403915683331265711e+02 6.560040039488059804e+00
1.404547830477002321e+02 6.555235696800174594e+00
1.405179977622738647e+02 6.550455895526781980e+00
1.405812124768475542e+02 6.545701454240933082e+00
1.406444271914211868e+02 6.540973190082151945e+00
1.407076419059948478e+02 6.536271918579757312e+00
1.407708566205685088e+02 6.531598453474394717e+00
1.408340713351421698e+02 6.526953606537867714e+00
1.408972860497158308e+02 6.522338187391318876e+00
1.409605007642894634e+02 6.517753003321788086e+00
1.410237154788631528e+02 6.513198859097237836e+00
1.410869301934367854e+02 6.508676556780046418e+00
1.411501449080104464e+02 6.504186895539121771e+00
1.412133596225841075e+02 6.499730671460574705e+00
1.412765743371577685e+02 6.495308677357128246e+00
1.413397890517314295e+02 6.490921702576270214e+00
1.414030037663050905e+02 6.486570532807236944e+00
1.414662184808787515e+02 6.482255949886842394e+00
1.415294331954523841e+02 6.477978731604381757e+00
1.415926479100260735e+02 6.473739651505443504e+00
1.416558626245997061e+02 6.469539478694956713e+00
1.417190773391733671e+02 6.465378977639383073e+00
1.417822920537470281e+02 6.461258907968184140e+00
1.418455067683206892e+02 6.457180024274689956e+00
1.419087214828943502e+02 6.453143075916383253e+00
1.419719361974679828e+02 6.449148806814736901e+00
1.420351509120416722e+02 6.445197955254696964e+00
1.420983656266153048e+02 6.441291253683844253e+00
1.421615803411889658e+02 6.437429428511411089e+00
1.422247950557626268e+02 6.433613199907186164e+00
1.422880097703362878e+02 6.429843281600406080e+00
1.423512244849099488e+02 6.426120380678812971e+00
1.424144391994836099e+02 6.422445197387838256e+00
1.424776539140572709e+02 6.418818424930153199e+00
1.425408686286309319e+02 6.415240749265589848e+00
1.426040833432045645e+02 6.411712848911614415e+00
1.426672980577782539e+02 6.408235394744369984e+00
1.427305127723518865e+02 6.404809049800491039e+00
1.427937274869255475e+02 6.401434469079743117e+00
1.428569422014992085e+02 6.398112299348583498e+00
1.429201569160728695e+02 6.394843178944805473e+00
1.429833716306465305e+02 6.391627737583340796e+00
1.430465863452201631e+02 6.388466596163338451e+00
1.431098010597938526e+02 6.385360366576623647e+00
1.431730157743674852e+02 6.382309651517672933e+00
1.432362304889411462e+02 6.379315044295212012e+00
1.432994452035148072e+02 6.376377128645534853e+00
1.433626599180884682e+02 6.373496478547671984e+00
1.434258746326621292e+02 6.370673658040501230e+00
1.434890893472357902e+02 6.367909221041980317e+00
1.435523040618094512e+02 6.365203711170505763e+00
1.436155187763830838e+02 6.362557661568633449e+00
1.436787334909567448e+02 6.359971594729145750e+00
1.437419482055304059e+02 6.357446022323725465e+00
1.438051629201040669e+02 6.354981445034212584e+00
1.438683776346777279e+02 6.352578352386633931e+00
1.439315923492513889e+02 6.350237222588099861e+00
1.439948070638250499e+02 6.347958522366660361e+00
1.440580217783986825e+02 6.345742706814252898e+00
1.441212364929723719e+02 6.343590219232848604e+00
1.441844512075460045e+02 6.341501490983868727e+00
1.442476659221196655e+02 6.339476941341023242e+00
1.443108806366933266e+02 6.337516977346632885e+00
1.443740953512669876e+02 6.335621993671564312e+00
1.444373100658406486e+02 6.333792372478889376e+00
1.445005247804142812e+02 6.332028483291292531e+00
1.445637394949879706e+02 6.330330682862423508e+00
1.446269542095616032e+02 6.328699315052211283e+00
1.446901689241352642e+02 6.327134710706268983e+00
1.447533836387089252e+02 6.325637187539452810e+00
1.448165983532825862e+02 6.324207050023686882e+00
1.448798130678562472e+02 6.322844589280101069e+00
1.449430277824298798e+02 6.321550082975628371e+00
1.450062424970035693e+02 6.320323795224036978e+00
1.450694572115772019e+02 6.319165976491556869e+00
1.451326719261508629e+02 6.318076863507159580e+00
1.451958866407245239e+02 6.317056679177501799e+00
1.452591013552981849e+02 6.316105632506676670e+00
1.453223160698718459e+02 6.315223918520767477e+00
1.453855307844455069e+02 6.314411718197304957e+00
1.454487454990191679e+02 6.313669198399661120e+00
1.455119602135928005e+02 6.312996511816414191e+00
1.455751749281664615e+02 6.312393796905790389e+00
1.456383896427401226e+02 6.311861177845170090e+00
1.457016043573137836e+02 6.311398764485687707e+00
1.457648190718874446e+02 6.311006652312016740e+00
1.458280337864611056e+02 6.310684922407348907e+00
1.458912485010347666e+02 6.310433641423553119e+00
1.459544632156083992e+02 6.310252861556599591e+00
1.460176779301820886e+02 6.310142620527225077e+00
1.460808926447557212e+02 6.310102941566887225e+00
1.461441073593293822e+02 6.310133833408977821e+00
1.462073220739030432e+02 6.310235290285332255e+00
1.462705367884767043e+02 6.310407291928059159e+00
