13.8815 0.00000000E+00
13.5473 0.23292992E-01
13.2168 0.47128547E-01
12.8903 0.71519304E-01
12.5678 0.96478194E-01
12.2495 0.12201845E+00
11.9354 0.14815362E+00
11.6258 0.17489755E+00
11.3208 0.20226443E+00
11.0203 0.23026877E+00
10.7247 0.25892541E+00
10.4338 0.28824954E+00
10.1479 0.31825673E+00
9.86708 0.34896287E+00
9.5913 0.38038425E+00
9.3207 0.41253753E+00
9.05531 0.44543976E+00
8.7952 0.47910838E+00
8.54041 0.51356123E+00
8.29097 0.54881660E+00
8.0469 0.58489318E+00
7.80823 0.62181008E+00
7.57495 0.65958689E+00
7.34707 0.69824363E+00
7.12458 0.73780081E+00
6.90745 0.77827939E+00
6.69566 0.81970083E+00
6.48918 0.86208711E+00
6.28796 0.90546069E+00
6.09197 0.94984457E+00
5.90114 0.99526228E+00
5.71541 0.10417379E+01
5.53472 0.10892961E+01
5.359 0.11379621E+01
5.18818 0.11877616E+01
5.02217 0.12387211E+01
4.86089 0.12908676E+01
4.70427 0.13442288E+01
4.5522 0.13988329E+01
4.40461 0.14547089E+01
4.26139 0.15118864E+01
4.12245 0.15703957E+01
3.98771 0.16302679E+01
3.85706 0.16915347E+01
3.7304 0.17542286E+01
3.60765 0.18183829E+01
3.4887 0.18840314E+01
3.37346 0.19512092E+01
3.26183 0.20199516E+01
3.15372 0.20902954E+01
3.04902 0.21622776E+01
2.94766 0.22359365E+01
2.84954 0.23113111E+01
2.75456 0.23884415E+01
2.66264 0.24673684E+01
2.57368 0.25481338E+01
2.48761 0.26307804E+01
2.40434 0.27153522E+01
2.32377 0.28018938E+01
2.24585 0.28904513E+01
2.17047 0.29810716E+01
2.09757 0.30738027E+01
2.02707 0.31686937E+01
1.95889 0.32657950E+01
1.89297 0.33651582E+01
1.82922 0.34668358E+01
1.7676 0.35708817E+01
1.70801 0.36773513E+01
1.65041 0.37863008E+01
1.59473 0.38977880E+01
1.5409 0.40118722E+01
1.48887 0.41286137E+01
1.43858 0.42480744E+01
1.38997 0.43703178E+01
1.34299 0.44954085E+01
1.29759 0.46234130E+01
1.2537 0.47543991E+01
1.21129 0.48884363E+01
1.17031 0.50255956E+01
1.1307 0.51659498E+01
1.09243 0.53095732E+01
1.05544 0.54565420E+01
1.0197 0.56069342E+01
0.985166 0.57608295E+01
0.951795 0.59183094E+01
0.919549 0.60794575E+01
0.888392 0.62443593E+01
0.858286 0.64131021E+01
0.829197 0.65857754E+01
0.801091 0.67624708E+01
0.773934 0.69432820E+01
0.747696 0.71283048E+01
0.722345 0.73176373E+01
0.697851 0.75113800E+01
0.674186 0.77096355E+01
0.651322 0.79125089E+01
0.629231 0.81201079E+01
0.607889 0.83325425E+01
0.587269 0.85499254E+01
0.567347 0.87723717E+01
0.548101 0.89999995E+01
0.529506 0.92329294E+01
0.511541 0.94712849E+01
0.494185 0.97151925E+01
0.477417 0.99647814E+01
0.461218 0.10220184E+02
0.445568 0.10481536E+02
0.430448 0.10748975E+02
0.415841 0.11022644E+02
0.401729 0.11302687E+02
0.388096 0.11589253E+02
0.374925 0.11882495E+02
0.3622 0.12182567E+02
0.349908 0.12489628E+02
0.338032 0.12803842E+02
0.326559 0.13125375E+02
0.315475 0.13454397E+02
0.304768 0.13791083E+02
0.294423 0.14135612E+02
0.28443 0.14488165E+02
0.274776 0.14848931E+02
0.265449 0.15218100E+02
0.256438 0.15595868E+02
0.247734 0.15982435E+02
0.239325 0.16378007E+02
0.231201 0.16782793E+02
0.223353 0.17197007E+02
0.215771 0.17620870E+02
0.208447 0.18054606E+02
0.201371 0.18498445E+02
0.194535 0.18952622E+02
0.187931 0.19417378E+02
0.181552 0.19892960E+02
0.175389 0.20379619E+02
0.169435 0.20877615E+02
0.163683 0.21387210E+02
0.158126 0.21908675E+02
0.152758 0.22442287E+02
0.147573 0.22988327E+02
0.142563 0.23547087E+02
0.137723 0.24118863E+02
0.133048 0.24703956E+02
0.128531 0.25302678E+02
0.124168 0.25915346E+02
0.119953 0.26542285E+02
0.115881 0.27183827E+02
0.111947 0.27840313E+02
0.108146 0.28512090E+02
0.104475 0.29199515E+02
0.100928 0.29902952E+02
0.0975018 0.30622774E+02
0.0941918 0.31359363E+02
0.0909941 0.32113110E+02
0.087905 0.32884413E+02
0.0849207 0.33673682E+02
0.0820378 0.34481336E+02
0.0792527 0.35307803E+02
0.0765622 0.36153520E+02
0.073963 0.37018937E+02
0.0714521 0.37904511E+02
0.0690264 0.38810714E+02
0.066683 0.39738024E+02
0.0644192 0.40686935E+02
0.0622323 0.41657948E+02
0.0601195 0.42651580E+02
0.0580786 0.43668355E+02
0.0561069 0.44708815E+02
0.0542021 0.45773510E+02
0.052362 0.46863005E+02
0.0505844 0.47977878E+02
0.0488671 0.49118719E+02
0.0472081 0.50286134E+02
0.0456054 0.51480741E+02
0.0440572 0.52703175E+02
0.0425615 0.53954082E+02
0.0411166 0.55234127E+02
0.0397207 0.56543989E+02
0.0383722 0.57884360E+02
0.0370695 0.59255953E+02
0.035811 0.60659495E+02
0.0345953 0.62095729E+02
0.0334208 0.63565417E+02
0.0322862 0.65069339E+02
0.0321209 0.65295804E+02
0.0319569 0.65522419E+02
0.0317942 0.65749181E+02
0.0316328 0.65976088E+02
0.0314726 0.66203136E+02
0.0313137 0.66430340E+02
0.031156 0.66657679E+02
0.0309995 0.66885165E+02
0.0308442 0.67112799E+02
0.0306902 0.67340571E+02
0.0305373 0.67568479E+02
0.0303856 0.67796535E+02
0.030235 0.68024727E+02
0.0300856 0.68253070E+02
0.0299373 0.68481542E+02
0.0297902 0.68710158E+02
0.0296441 0.68938910E+02
0.0294992 0.69167797E+02
0.0293554 0.69396820E+02
0.0292126 0.69625987E+02
0.0290709 0.69855276E+02
0.0289303 0.70084715E+02
0.0287907 0.70314281E+02
0.0286522 0.70543990E+02
0.0285146 0.70773829E+02
0.0283781 0.71003791E+02
0.0282427 0.71233891E+02
0.0281082 0.71464131E+02
0.0279747 0.71694491E+02
0.0278421 0.71924983E+02
0.0277106 0.72155602E+02
0.02758 0.72386362E+02
0.0274503 0.72617236E+02
0.0273217 0.72848236E+02
0.0271939 0.73079377E+02
0.027067 0.73310634E+02
0.0269411 0.73542037E+02
0.0268161 0.73773533E+02
0.0266919 0.74005179E+02
0.0265687 0.74236953E+02
0.0264463 0.74468841E+02
0.0263249 0.74700830E+02
0.0262042 0.74932973E+02
0.0260845 0.75165233E+02
0.0259656 0.75397601E+02
0.0258475 0.75630101E+02
0.0257302 0.75862732E+02
0.0256138 0.76095457E+02
0.0254982 0.76328335E+02
0.0253834 0.76561298E+02
0.0252694 0.76794401E+02
0.0251562 0.77027616E+02
0.0250438 0.77260943E+02
0.0249321 0.77494393E+02
0.0248213 0.77727948E+02
0.0247112 0.77961621E+02
